2000,729 8th Ave,sold,248661,2,1,1919,33.588664688155816,-111.99739043275044
2001,563 9th Vis,sold,167146,5,1,2639,33.54054762641951,-112.18106077352485
2002,560 3rd Way,active,136514,3,1,2683,33.407952655783106,-112.06850905278796
2003,194 6th Wl,sold,164609,3,1,1849,33.44495298203939,-112.14940829757764
2004,513 5th Way,active,209692,5,2,2470,33.52095758228262,-112.07756892708056
2005,309 8th Blvd,active,189820,3,2,2952,33.482133312081096,-112.00613580144231
2006,330 3rd Cir,sold,183161,3,1,1741,33.5132081227853,-112.11719247970069
2007,715 6th St,active,286944,5,1,2478,33.592272297483994,-112.24237800278897
2008,52 2nd St,pending,282646,3,3,2499,33.40963810119579,-111.93967200804181
2009,483 4th St,active,215165,2,3,2042,33.42613533839356,-112.09117521289525
2010,213 Bush Dv,sold,106392,3,1,3084,33.467114876243,-111.94242444012889
2011,153 9th Cir,active,246968,4,3,1240,33.44073948514391,-112.08527657179631
2012,279 Post St,sold,296730,3,2,3766,33.48301484471104,-112.3083090303324
2013,273 Pine Blvd,active,174512,5,3,3969,33.372040366343626,-112.28513800940895
2014,149 6th Vis,pending,251820,3,2,3456,33.40402989983633,-112.24425412747372
2015,388 Mission Dv,pending,225771,4,3,2230,33.457801373157025,-112.08603205742617
2016,79 Texas Ave,active,265761,4,1,3341,33.42313562736024,-112.1828527555141
2017,728 Indiana Trl,active,149134,2,2,3244,33.48340854064998,-112.17903008133987
2018,311 Euclid Wl,pending,121599,3,1,1166,33.58065458470528,-112.06303303857425
2019,279 7th Rd,active,265481,5,1,1466,33.375055633630666,-111.92541782480833
2020,23 Turk Way,pending,145088,4,1,1062,33.53335535729812,-112.1129631152878
2021,708 Texas Blvd,sold,236511,4,2,3700,33.43514696107483,-112.10235829098954
2022,192 Turk Ave,sold,206323,5,3,1846,33.543110343110705,-112.15480322639816
2023,20 Post Vis,active,232050,5,3,2969,33.58256413889015,-112.2559295760268
2024,579 Geary Way,active,189214,4,3,2807,33.44628582097593,-112.12831722755348
2025,452 Turk Wl,pending,278076,4,3,2840,33.43621160566191,-111.90236644119703
2026,741 Post Way,active,233790,3,1,2255,33.560033631865615,-112.08125788119867
2027,162 2nd Dv,sold,152408,5,1,1322,33.37666623122972,-111.90723668136634
2028,39 Blake Wl,pending,133977,2,2,1815,33.581716888873494,-112.06230041711052
2029,119 2nd Rd,pending,180128,2,1,2319,33.52256845096337,-112.26922344001063
2030,553 Page Cir,pending,289130,4,1,1301,33.36637238389584,-112.10329426203751
2031,793 5th Way,active,123453,4,2,1632,33.53884928295497,-112.33748961279571
2032,439 Geary Ave,active,117806,4,1,2205,33.58336979126565,-111.9133440368527
2033,84 Turk Blvd,active,257886,3,2,3674,33.41409092092221,-112.3521729982858
2034,536 Page Pl,pending,279675,3,2,2339,33.37354973674016,-111.92756394767645
2035,173 1st Pl,sold,270470,4,2,2278,33.547500673186455,-112.3194097125521
2036,525 7th Way,sold,204420,5,2,3628,33.485421652322145,-111.95917638624246
2037,155 3rd Vis,active,241174,4,1,1919,33.546067058933986,-112.07519661082037
2038,283 Turk Way,pending,110093,5,2,2362,33.57493977391027,-111.97993333948426
2039,257 Geary Blvd,active,148001,5,2,2310,33.420507136147585,-112.32315856217785
2040,115 8th Wl,active,137382,4,3,1820,33.589757433631924,-111.88515177365142
2041,766 6th Way,sold,219208,5,1,2049,33.402252944951954,-112.24860852743376
2042,613 7th Trl,active,274079,3,2,1916,33.4155194174677,-111.8834306296893
2043,165 3rd St,sold,121828,3,1,3807,33.365706682266996,-112.31007170444626
2044,505 Turk Cir,sold,115795,2,3,2155,33.51170551740022,-112.21580736840127
2045,622 7th Way,sold,207629,2,3,3858,33.523106361522174,-112.08041315404944
2046,75 Franklin Vis,pending,185515,5,1,1234,33.51479087716888,-112.18121311418643
2047,295 Pine Rd,sold,132516,5,1,1703,33.46991420448944,-112.12811817568996
2048,400 Euclid Way,active,142401,3,3,1208,33.484578652457195,-112.15382694428193
2049,713 7th Wl,active,154036,2,3,1822,33.53954888928338,-112.15182572226009
2050,624 Turk Vis,pending,127844,3,3,2506,33.53549839259337,-111.96844964729732
2051,45 Mission Wl,sold,221381,4,2,2039,33.531555342187396,-112.34533526332454
2052,545 Texas Way,active,252342,4,3,2317,33.460158569080356,-112.04813079328035
2053,535 3rd Blvd,pending,153301,3,2,1579,33.36667768761563,-111.92762350566494
2054,225 Indiana Dv,active,184746,4,1,2360,33.537627819972535,-112.30670952885231
2055,517 Walnut Pl,sold,236387,4,2,1174,33.57703311614272,-111.98773598792707
2056,798 Wall Trl,sold,244514,4,1,1121,33.4465037906523,-112.09336233286778
2057,720 4th Ave,sold,245935,3,1,3092,33.57586144073702,-112.02065642878102
2058,257 Franklin Cir,sold,200725,5,2,1821,33.44022170795387,-111.91553115261216
2059,242 6th Pl,active,179178,2,2,2004,33.46082303052306,-111.97850888552789
2060,194 Turk Vis,active,101475,5,3,3499,33.437967502346815,-111.968726681574
2061,157 Texas Cir,pending,126733,5,1,2004,33.56383520046414,-112.36127050970376
2062,104 Turk Way,sold,176933,5,2,3633,33.45403477164582,-112.12615682850347
2063,290 3rd Blvd,pending,199774,4,1,3828,33.56469453189139,-112.06917907304988
2064,158 7th Cir,sold,169004,4,3,2585,33.369359135939426,-111.92966127333266
2065,107 Texas Ave,pending,207914,4,2,3248,33.44148766916073,-111.90544553399513
2066,407 8th St,pending,136234,2,1,3294,33.50074894980205,-112.07948364969842
2067,155 2nd Dv,pending,212828,5,3,2148,33.45877470026816,-112.100755720394
2068,159 Bush Rd,sold,164627,5,3,3784,33.53491406282107,-111.93898726189518
2069,340 Turk Vis,active,293404,5,3,2824,33.51038771028622,-111.98944873337346
2070,138 Pine Wl,pending,244439,5,2,2715,33.4915012605062,-112.21902548762893
2071,734 Franklin Vis,sold,127485,5,3,1246,33.40458922717818,-112.06076099785652
2072,408 Post Blvd,pending,119366,4,1,2778,33.58303399965373,-112.32848488802681
2073,767 Indiana Blvd,pending,291235,4,2,1660,33.47887391595307,-112.05980405668447
2074,423 Post Cir,sold,273577,5,1,2555,33.39654811555465,-112.12754302240411
2075,644 Page Blvd,sold,206464,4,2,2698,33.43232792393596,-112.21690821812508
2076,104 Page Cir,pending,246290,5,3,2199,33.515981176940414,-111.88052613149092
2077,184 4th Blvd,sold,283639,5,3,1954,33.51402057543154,-112.3156701678139
2078,120 Franklin Blvd,pending,110429,5,1,2318,33.48110501965713,-112.06915696079751
2079,736 Pine Ave,pending,245354,3,2,1466,33.486137711278744,-112.14351491423963
2080,482 Franklin Dv,pending,167893,3,1,3355,33.36709404771256,-111.93485471218195
2081,378 4th Vis,active,204181,4,2,2587,33.45473523451074,-112.04087435653963
2082,459 Post Blvd,sold,149480,3,3,3636,33.375187942383135,-111.98740579410361
2083,166 Bush Pl,sold,184154,3,1,2507,33.380222051342336,-112.26781832076149
2084,469 7th Way,sold,149618,3,1,1445,33.49436727782623,-112.15397811718654
2085,147 Walnut St,pending,227784,2,2,3394,33.541923303009966,-111.93740612941814
2086,481 4th Ave,sold,231655,4,1,1858,33.43591818775933,-111.96471932166416
2087,430 6th Vis,pending,237620,2,2,2676,33.526716263596775,-112.35805340612582
2088,466 Texas Pl,active,243885,5,2,2781,33.40326512310297,-111.98080442179493
2089,648 Mission Blvd,active,129884,2,1,1448,33.36962218853321,-111.91553944162656
2090,589 Geary Rd,active,230072,5,3,1402,33.470028542969,-112.27396295470957
2091,54 Turk St,pending,286348,5,2,3084,33.412464489621385,-112.189810413407
2092,283 Blake Cir,active,130564,4,3,2950,33.591847059221905,-112.20734728327933
2093,219 2nd Cir,active,166933,5,3,3442,33.45956830758581,-111.8877563068594
2094,674 2nd Cir,pending,215051,5,2,3149,33.41452575267667,-112.12710175147578
2095,371 Texas Cir,pending,202678,2,1,3657,33.447722491073684,-112.0256105121122
2096,633 Post Rd,active,194762,2,2,3658,33.54446886420612,-112.31944263175497
2097,579 4th Cir,active,173995,3,1,1966,33.481080173909646,-112.21710558897152
2098,131 3rd St,pending,233520,5,1,2506,33.406768045492946,-111.93034628511198
2099,581 4th Blvd,active,213946,3,3,2445,33.439152342425785,-111.90321654435792
2100,472 Turk Ave,sold,275873,4,3,1743,33.54168769960254,-111.94186202580548
2101,589 Mission Trl,pending,173825,4,2,2562,33.58769315792901,-112.35590976184623
2102,728 Walnut Trl,active,194614,2,1,2329,33.44853989951998,-111.99702650628082
2103,392 7th Pl,pending,220416,5,1,2051,33.41774540366552,-112.0218452510668
2104,654 Post Wl,active,219459,3,3,3922,33.41957675173019,-111.98096397166032
2105,787 8th Wl,pending,230194,5,3,1676,33.4473947373751,-112.08609981763611
2106,103 Geary Pl,active,112164,3,2,2774,33.57137193348461,-111.92237039084654
2107,510 Franklin Ave,active,216971,5,1,2585,33.43347821123748,-112.30831783765574
2108,351 7th Vis,active,277778,3,2,2231,33.51468373211494,-112.1197237135542
2109,87 6th Ave,active,201343,3,1,2228,33.524344775163335,-111.89924457217182
2110,578 6th Wl,active,231765,2,1,2567,33.47254753954491,-111.89661181435547
2111,112 Page Wl,sold,164005,5,2,1632,33.42188938221713,-111.90638147298598
2112,421 Franklin Way,sold,196701,4,1,3005,33.46946352132286,-112.29288014058342
2113,511 Post Wl,pending,148980,5,3,3138,33.46620069378408,-112.23828835491514
2114,697 Texas Way,pending,255580,5,1,2665,33.45526795960112,-112.0500126197722
2115,414 Walnut St,pending,127773,2,2,1100,33.49615413142172,-111.98730157071837
2116,294 Franklin Way,pending,185637,3,1,2879,33.427967312500556,-111.89403810016825
2117,579 1st Wl,pending,199877,5,3,2945,33.46657433213916,-112.21511502543832
2118,282 Blake Ave,sold,291707,2,1,2267,33.486804066036825,-112.18271422303596
2119,596 Page Dv,pending,164839,4,1,2309,33.38952247909356,-111.90562727660249
2120,581 Pine Cir,active,275395,4,3,1436,33.43909121591676,-112.09452889598468
2121,215 9th Wl,active,130431,2,1,3371,33.44597988801325,-111.9578422464075
2122,70 8th Dv,active,129230,3,2,2532,33.48822939976243,-112.14037255383128
2123,322 Euclid Wl,pending,174335,2,2,1589,33.58555451680742,-112.04927024602631
2124,612 Wall St,sold,177144,3,3,3983,33.38292085574087,-112.3340818138889
2125,300 8th Rd,pending,135502,3,2,3134,33.58525050090942,-112.29876477510042
2126,509 Turk Ave,active,159197,3,3,2549,33.526800080810034,-112.36076789623542
2127,404 Euclid Dv,sold,101777,3,1,1360,33.47590680971783,-112.08554238494773
2128,18 Franklin St,pending,142597,4,2,2722,33.42030276327056,-112.34427002723409
2129,682 5th Dv,pending,190727,3,1,1902,33.48989426919974,-112.28344947000058
2130,694 Bush Blvd,pending,255232,3,3,2110,33.5017553663984,-111.97341618185749
2131,797 Walnut Wl,pending,124552,5,3,3784,33.516172853800676,-112.21080679712904
2132,473 Post St,sold,210619,2,2,3348,33.47557100782125,-112.23691771035195
2133,412 Franklin Dv,active,136384,5,3,1581,33.40396863192616,-111.97652701919311
2134,439 Page Ave,pending,257388,5,1,3715,33.37053407960604,-112.0859081395763
2135,317 Turk Ave,active,109187,5,2,2117,33.51385064904765,-111.98845698903826
2136,20 Sutter Way,sold,227409,3,3,1560,33.46110000267838,-112.290727821432
2137,207 1st Cir,sold,192289,2,1,1751,33.39918735819192,-112.11350673348417
2138,700 5th Trl,pending,153246,2,2,1703,33.509033642510474,-112.05806757293055
2139,70 4th Vis,sold,134072,2,3,2395,33.560774114421456,-111.93386183884063
2140,243 Franklin Ave,pending,263409,2,1,3875,33.53267397377322,-111.94101833268164
2141,771 Bush Wl,pending,121818,2,1,3744,33.49870986262476,-112.27918138078806
2142,105 Walnut Pl,pending,299225,2,2,3941,33.367043185218286,-112.17127180971805
2143,627 3rd Ave,pending,249728,5,3,1677,33.57264435116408,-112.34788443436528
2144,462 2nd Dv,pending,162944,3,3,2499,33.393024007871844,-112.06159696531665
2145,105 1st Vis,active,182732,4,3,3720,33.419653663073944,-112.13700671579241
2146,630 Walnut Pl,active,218177,3,2,2392,33.42024922176743,-112.31270590327742
2147,352 Page Wl,pending,231621,5,1,1932,33.394992322845745,-111.95468348290976
2148,182 Pine Vis,pending,296944,3,3,1203,33.5033935456501,-112.06981352658354
2149,781 California Vis,sold,118625,3,2,2319,33.537809409459875,-112.31064820710358
2150,497 Blake Dv,sold,247729,5,3,1146,33.49901857740538,-112.2083588818285
2151,225 Mission Vis,active,169136,3,2,2404,33.488243648823264,-112.14490300772987
2152,214 Indiana Trl,pending,112687,2,3,1047,33.500669592984316,-112.01009910348327
2153,384 Geary Way,sold,276387,5,3,3171,33.58277480528201,-112.27937884344385
2154,617 Indiana Way,sold,124569,5,1,2387,33.56979747145493,-112.12922946581352
2155,574 California Rd,pending,123570,3,2,1876,33.580036696388795,-112.15166320739205
2156,582 8th Wl,pending,104699,3,3,1622,33.55344157865856,-112.15037472407813
2157,338 3rd Pl,pending,185712,4,3,3736,33.404736656838814,-112.20801412461893
2158,493 6th St,pending,169869,4,1,2080,33.581073965446556,-111.93837534942085
2159,355 Post Ave,sold,212887,5,2,3351,33.395540584862566,-112.1966547170995
2160,686 Indiana Trl,sold,188328,4,2,3072,33.47242795472985,-112.06799398399997
2161,165 Pine Way,active,100577,5,1,2925,33.38990842334952,-111.95123731891782
2162,37 9th Way,pending,118591,3,2,2892,33.49658303169016,-111.8813675459362
2163,667 Texas Dv,pending,234554,3,1,1831,33.477355776230006,-112.11432742190195
2164,592 3rd Ave,sold,170078,4,3,2011,33.464463265368984,-112.34725922048581
2165,553 Page Dv,active,136522,3,1,2671,33.466766190134564,-112.07691407616332
2166,633 Indiana Vis,sold,226320,3,2,1706,33.42473216924534,-112.12918337953803
2167,82 3rd Way,pending,162253,2,2,1701,33.51710458861764,-111.95676519145199
2168,561 4th Pl,pending,155981,5,1,3766,33.38616777857019,-112.33321442340888
2169,356 Mission Rd,pending,184977,2,1,3302,33.466043440555296,-112.33407726251608
2170,591 6th Ave,sold,179403,4,2,2523,33.446539223970376,-112.07890948931875
2171,54 1st Rd,sold,232946,4,1,2179,33.48304216549873,-112.00346500813559
2172,100 Indiana Rd,pending,129616,5,1,2018,33.546238725628186,-112.05311146127664
2173,511 Wall Rd,active,213398,2,1,3612,33.4033121844486,-112.19608854663231
2174,423 Page St,active,212915,3,3,3723,33.58576304918331,-112.33412777179925
2175,775 Sutter St,pending,188244,4,1,1371,33.389793793876365,-112.02133100671998
2176,733 9th Rd,pending,222469,3,2,3803,33.55167411271609,-112.35666967159729
2177,232 8th Vis,active,149479,2,1,1475,33.566486528857105,-112.34926975319208
2178,427 7th Way,pending,256499,3,3,1260,33.373699482340555,-111.89176890567025
2179,198 Page St,pending,266263,2,2,2622,33.59138210813481,-111.93880481109265
2180,266 Walnut Wl,sold,255243,2,2,1673,33.46469307823919,-111.8947323665828
2181,503 2nd Trl,pending,228688,2,2,1414,33.53413956471879,-112.00477129794794
2182,232 Blake Ave,active,217127,3,3,1527,33.5053824689104,-112.06837573522627
2183,376 Euclid Wl,pending,106820,5,2,1149,33.56013978918764,-112.24874074071788
2184,52 Bush Dv,active,120105,3,3,1423,33.425344201789834,-112.05028591138914
2185,297 1st Blvd,active,167545,5,1,2896,33.48489430452448,-112.06158062946122
2186,342 6th Way,pending,110005,5,3,2807,33.579532371784495,-112.09431800158868
2187,661 Pine Ave,active,139063,3,1,3354,33.43868212080941,-112.13162901910162
2188,553 Texas Rd,active,199771,3,2,3616,33.45720029301167,-112.3209334552502
2189,530 2nd Pl,sold,254650,3,3,3583,33.36403132467031,-112.08675277467549
2190,153 Indiana Rd,active,234002,4,1,3678,33.5164570672034,-112.01364469844785
2191,151 Wall Wl,pending,103899,2,1,2646,33.43883309081086,-112.3242373884446
2192,405 2nd Dv,pending,238807,3,1,1519,33.39993958208533,-112.16158665431982
2193,529 Wall Ave,sold,219541,5,1,1304,33.526329874158336,-112.24915758290129
2194,754 Wall St,active,185055,5,3,1094,33.37809506659266,-112.0593137994765
2195,167 Bush Rd,active,121460,5,2,2017,33.38031157240774,-112.33156583127294
2196,485 Walnut Ave,active,252168,3,1,1294,33.51508847701415,-111.93748965235336
2197,147 7th Way,sold,189317,2,1,2407,33.561425062141765,-112.31956605056864
2198,311 Indiana St,pending,159811,4,3,1856,33.421261343044925,-111.99083328831564
2199,208 Walnut St,sold,140603,4,1,2545,33.491945489987884,-112.18306228960314
2200,790 9th Dv,active,218251,4,2,3500,33.42977326030155,-112.23846106047142
2201,469 4th Wl,sold,123479,2,3,2935,33.54952820561274,-112.02919211543971
2202,777 Post Vis,active,105395,5,3,2903,33.51312525865431,-112.0871633269846
2203,466 Sutter Trl,sold,164484,5,2,1905,33.470145215123786,-111.90166473139872
2204,365 9th Way,active,273832,3,1,2390,33.38614810838503,-111.87418353148179
2205,144 Bush Way,pending,253616,3,3,3704,33.4199478181192,-111.87850451368965
2206,352 Sutter Trl,sold,177304,2,1,1779,33.5453170470026,-112.06011920506481
2207,467 Geary Trl,pending,257160,2,2,1765,33.369619557330516,-111.88582546718662
2208,765 Euclid Way,active,115768,5,3,2779,33.422158385277385,-112.2372429250102
2209,761 5th Ave,active,209070,3,2,2505,33.37724806068089,-112.21185800672876
2210,114 8th Cir,pending,211051,3,3,3931,33.46868021815187,-112.27642467069757
2211,512 Page Trl,active,139770,4,2,1578,33.51990877611939,-111.93613508991419
2212,546 Page Ave,pending,126827,2,2,2264,33.384507311370086,-112.25969328281731
2213,452 Texas Wl,sold,227244,2,2,3290,33.52480501250315,-112.15688998430704
2214,674 3rd St,pending,289309,4,2,2466,33.57212418492589,-112.14748533863194
2215,131 Post Way,active,295139,3,3,1411,33.4283599020723,-111.99092141651425
2216,701 Post Cir,active,178003,4,2,3103,33.42939114806622,-111.88397712955627
2217,541 Bush Ave,active,152046,4,1,3429,33.58502608768843,-111.93968139534238
2218,218 Pine Rd,active,150273,5,2,2648,33.428097044927895,-112.26082917000902
2219,511 Walnut Pl,pending,190520,2,3,3495,33.583797490659876,-112.19389683929015
2220,632 Texas Vis,sold,155547,4,1,2533,33.4173400332614,-112.27059229623269
2221,509 4th Cir,sold,234645,4,1,3320,33.54368660814536,-111.97638448436606
2222,300 3rd Trl,pending,200050,5,1,2100,33.37235094741838,-112.20376410208922
2223,362 Texas Pl,pending,264553,4,1,1348,33.48772155500575,-112.1898475373785
2224,542 5th Trl,sold,103245,4,1,2910,33.49518302626104,-112.223509349251
2225,562 2nd Way,pending,227635,5,3,1620,33.434413975254685,-112.11751631221551
2226,576 7th Cir,sold,141739,2,2,3507,33.480343546079595,-112.01257706044218
2227,31 5th Rd,sold,221111,2,2,1035,33.56680780073313,-111.9727493060732
2228,669 Geary Cir,pending,187758,5,3,1538,33.55462919949863,-112.27729849196857
2229,176 5th Blvd,sold,266820,5,2,2096,33.51737979614296,-112.13995438572162
2230,791 Walnut Trl,pending,225560,4,1,1181,33.44342069793559,-112.20902725127844
2231,267 9th Trl,pending,279560,3,1,2101,33.52651237699472,-111.93358140220818
2232,475 Page Way,sold,190102,4,1,2859,33.45061867477269,-112.24040393587549
2233,744 Page Vis,active,191873,5,3,2324,33.461417610243856,-112.00826998965765
2234,336 Franklin Rd,active,210755,2,2,2279,33.43388671435954,-111.92244061040368
2235,412 Mission Dv,active,248882,5,1,1131,33.48435844059117,-112.12252027055163
2236,693 Geary Way,active,165744,5,3,3508,33.39561272545982,-112.1358082860228
2237,132 California Wl,active,200490,5,3,1687,33.58515984321135,-111.96624547069567
2238,54 7th Trl,pending,128417,2,1,1609,33.53857085754734,-112.21699237870533
2239,25 Indiana Vis,pending,276003,2,3,3518,33.513125429565164,-112.10054031494666
2240,97 1st Dv,pending,250787,4,2,2564,33.50142643263354,-112.241688005183
2241,587 2nd Pl,sold,112688,3,1,1111,33.51755775294773,-112.1478667241156
2242,435 Indiana Ave,sold,273101,2,3,1853,33.37671077780303,-112.22937370301236
2243,684 Geary Way,pending,121923,3,2,1783,33.38967003381325,-112.01058320495947
2244,668 1st Ave,pending,299561,3,2,1503,33.51157265668925,-112.349029039596
2245,145 Blake Wl,pending,296225,4,2,3486,33.36415207266597,-112.19889144982803
2246,546 Mission Pl,active,291661,2,3,3976,33.486748353448206,-112.24680858257878
2247,378 Page Rd,active,292787,4,3,1007,33.439594316140116,-112.02843210088243
2248,116 6th Dv,pending,266679,4,2,1604,33.58425509598028,-112.08127484875196
2249,772 3rd Ave,pending,170655,3,2,2395,33.48998832986456,-112.2368195411478
2250,108 California Vis,sold,109833,2,1,3898,33.56211878255375,-112.18871529459867
2251,358 Turk Pl,pending,145234,4,2,3213,33.46318953266577,-111.98819379141547
2252,387 California Rd,active,163404,4,2,2639,33.416774048174176,-112.17551140155707
2253,641 Mission Ave,sold,112684,5,1,2407,33.58063767788527,-111.94654023203282
2254,551 Blake Vis,active,272750,2,2,3666,33.495023233084446,-112.32645884066459
2255,569 Mission Cir,active,204004,3,2,1734,33.37877145063107,-111.9844787923805
2256,586 Blake Wl,sold,123227,3,2,3804,33.3774892880691,-112.35185420807154
2257,616 7th Wl,active,158731,4,3,1934,33.38537302484684,-112.20309563201994
2258,366 Post Wl,sold,148616,5,3,3408,33.473845427032856,-112.0335747348614
2259,40 6th Rd,sold,246205,4,3,2681,33.44101457066129,-112.13395017267888
2260,757 7th Trl,sold,159375,5,3,1174,33.53113836086246,-112.0481518114396
2261,373 Page Wl,active,289145,4,2,1031,33.56861529930083,-112.32444701713345
2262,751 9th Blvd,pending,110682,5,2,1431,33.48305710081114,-111.98613560301379
2263,755 9th Blvd,active,276118,2,2,3945,33.51036996425772,-112.05621389954602
2264,141 Wall St,active,198333,2,2,3747,33.59292923399544,-112.15616797379775
2265,687 California Blvd,sold,226635,5,3,3933,33.398951575345976,-112.27019423920217
2266,580 9th Trl,sold,255362,4,2,3042,33.420564806444396,-112.2165337962131
2267,520 Mission Vis,pending,236206,2,1,2064,33.48589639957251,-111.94357067286515
2268,97 Geary Wl,active,288018,4,3,3752,33.44719175269895,-112.07408807357521
2269,54 2nd Trl,sold,276801,2,1,2404,33.40781164826483,-111.92283335843267
2270,390 6th Way,pending,224981,3,1,1545,33.51114095741208,-111.91635468368283
2271,366 6th Cir,pending,273423,5,2,1722,33.57266466822543,-112.22496612056283
2272,408 7th Wl,pending,298583,5,3,2968,33.58274951178954,-112.17917846024726
2273,228 9th Trl,sold,231648,2,1,2705,33.43984487079242,-112.02257622585573
2274,67 Pine Pl,sold,153084,2,2,2254,33.58363975026809,-112.12077884429883
2275,170 9th Vis,pending,251479,2,2,1395,33.49120309139342,-112.22291611830481
2276,722 Sutter Pl,sold,182371,4,1,1037,33.46350327389954,-112.25919366739429
2277,255 Wall Wl,pending,234940,2,3,1722,33.42816513969729,-112.02506924193298
2278,173 Franklin St,sold,280882,2,1,3684,33.518799152813244,-112.23326185526915
2279,347 Walnut Dv,sold,252928,5,3,2354,33.48596698635791,-112.07686082229256
2280,277 Walnut Wl,sold,199603,2,2,3163,33.4274617308327,-112.00230710371578
2281,137 Franklin St,active,110291,2,3,1655,33.49720167517213,-112.05411345386008
2282,486 Walnut Pl,pending,157671,2,2,1415,33.3789265428891,-112.04043216298861
2283,410 9th Dv,sold,277744,4,1,2610,33.430181901663715,-111.90871709593434
2284,495 5th Trl,sold,146223,3,1,3702,33.48876424529738,-111.89312757754695
2285,790 Wall Dv,pending,169389,3,1,1479,33.51553376424799,-111.88609024961883
2286,382 Indiana Wl,sold,278105,4,3,3558,33.470919279663995,-112.06213585644457
2287,144 Pine Way,pending,268534,5,3,2881,33.528493917561185,-112.10551643384703
2288,114 Texas Pl,sold,247341,2,2,2288,33.545746399525925,-112.16293005447201
2289,521 7th Dv,pending,257585,4,3,1048,33.58658362444701,-112.14344477229949
2290,309 Wall Dv,active,165649,3,1,3119,33.56606075279868,-111.99438684851866
2291,86 Post Way,sold,122436,4,3,1123,33.513129019882435,-111.9162886990373
2292,757 Sutter Trl,pending,113775,4,3,3270,33.49196737617053,-112.07258867749412
2293,37 9th Blvd,sold,202185,4,2,3535,33.53248188128733,-112.0486078266032
2294,759 Sutter Trl,sold,269696,2,1,1073,33.39293583719873,-112.12366326315399
2295,565 Geary Trl,pending,269976,2,3,2684,33.56883671238825,-112.06805021758704
2296,561 Texas Pl,sold,231876,4,3,3926,33.50876830569671,-112.20433410043775
2297,638 Page Way,sold,172742,4,2,1206,33.42203047594767,-111.92901070798533
2298,63 Walnut Pl,sold,294610,5,1,2114,33.488961608769365,-111.99580102740383
2299,762 Blake Pl,sold,158410,2,1,2852,33.489268275976606,-112.01017304998452
2300,447 Blake St,sold,262450,4,2,3337,33.506305386226664,-112.07838959586415
2301,283 5th Wl,sold,235395,5,2,3322,33.46216834437666,-112.3160093181093
2302,614 Geary Wl,pending,283573,5,1,3472,33.405250929403834,-111.98083080785291
2303,107 Bush Cir,active,108336,4,2,2403,33.5459867037369,-112.08494139856371
2304,60 Franklin Dv,pending,293379,4,1,2289,33.5147338233463,-111.87880451194226
2305,278 9th Trl,sold,181686,4,1,1657,33.42443378036561,-112.08385554402473
2306,237 Mission Rd,pending,294431,3,1,2755,33.52564491434476,-112.36170264189195
2307,99 Post Pl,active,207350,3,3,1078,33.42627476594617,-111.88823545480552
2308,475 Mission Trl,sold,237397,2,1,1401,33.46995734696408,-112.04789073059288
2309,72 Page St,active,163873,5,2,2518,33.432456698495876,-111.96816840572754
2310,223 Walnut Vis,sold,219793,3,3,1349,33.58755483200172,-112.28453682038915
2311,49 Walnut Ave,active,155988,3,1,3782,33.396173352958236,-112.21882756638034
2312,156 8th Wl,pending,133658,4,2,1269,33.41895252055648,-112.03496931656534
2313,559 9th Cir,pending,214052,2,2,3802,33.45273108423252,-112.02292386962844
2314,495 Blake Ave,active,294633,3,2,1075,33.557427380728775,-112.24154239131214
2315,468 1st Blvd,pending,150102,2,3,3998,33.51306043049005,-112.17691562951327
2316,212 Mission Cir,active,216482,5,3,1209,33.48860533650482,-111.99418365505825
2317,93 California Ave,sold,146198,5,3,2275,33.43229104752217,-112.24741694607272
2318,318 Indiana Cir,pending,154188,3,3,3488,33.58678755556581,-112.27369072519684
2319,56 3rd Dv,sold,241123,5,2,1015,33.563235528310194,-112.11814733353302
2320,12 Franklin Dv,active,191432,3,2,3382,33.53836087803504,-112.08504809559813
2321,771 7th Wl,sold,292089,4,2,2413,33.482098209101345,-112.2982154175091
2322,796 Indiana Cir,pending,102951,4,1,2868,33.42251207906219,-112.16220066253383
2323,722 Walnut Pl,active,295648,4,2,2332,33.52561687373582,-112.0028910767622
2324,359 3rd Ave,pending,112211,3,1,1890,33.563624788949895,-112.15553597713979
2325,299 Post Trl,sold,198145,5,1,1935,33.46664463716239,-112.28594000833915
2326,616 California Cir,active,248525,3,1,1209,33.47650939759345,-112.12416929393167
2327,434 Wall Dv,sold,233828,3,2,2908,33.42053413291463,-112.225481083559
2328,386 California Vis,active,267200,3,2,1424,33.42403584697101,-112.19735968991058
2329,353 Sutter Way,pending,198906,3,2,1319,33.38259880772736,-111.99929780131077
2330,467 Texas Dv,pending,215128,5,2,2621,33.422477690967185,-111.96413603198185
2331,364 7th Blvd,pending,132472,3,3,1310,33.388774566840034,-112.2935698726818
2332,745 6th Way,active,268985,4,3,3068,33.47743427879797,-112.07351524183913
2333,770 Sutter Pl,pending,215385,2,3,1594,33.42080312692001,-111.99764756634562
2334,652 7th Blvd,sold,146284,4,3,2306,33.5239116569242,-112.2719689720037
2335,293 California Blvd,active,233455,5,1,3969,33.55846859586941,-111.8847748046325
2336,679 Wall Pl,active,236381,4,3,3027,33.408635026413705,-112.04856613872316
2337,587 Mission Trl,pending,214138,3,3,1183,33.467515221447194,-112.08680618486282
2338,172 Franklin Cir,active,267010,4,3,3151,33.53039534403412,-112.35124116508872
2339,55 Texas Trl,pending,142821,5,2,1068,33.517432516004796,-112.29180922449063
2340,120 Turk Way,sold,298981,4,2,3055,33.45852350536917,-112.26825272657666
2341,634 5th Dv,active,267387,4,3,2161,33.3788896972466,-111.96750036599965
2342,605 Euclid Cir,active,215476,4,1,1581,33.498417881820366,-112.34415007972561
2343,604 Euclid Vis,sold,137024,5,3,3195,33.51202343967786,-112.3377234385795
2344,400 Wall Vis,sold,160244,5,3,2651,33.45671942547981,-112.25430415178363
2345,623 Sutter Pl,pending,110677,5,3,1954,33.58036395813239,-112.069297871315
2346,548 1st Wl,sold,192386,3,2,3989,33.476554468120156,-112.18039750029872
2347,395 Mission Ave,active,141326,2,2,2965,33.40534178278674,-112.02161714725999
2348,515 Walnut Ave,sold,144927,2,3,3913,33.40077035640438,-111.9013286066786
2349,328 Indiana Wl,sold,200753,2,2,1033,33.39833420500516,-112.29079200861113
2350,786 Page Blvd,sold,271320,4,1,3931,33.48245884487478,-112.15080829188649
2351,370 9th Trl,active,255648,2,1,1873,33.43690898851137,-112.29185723171818
2352,679 Page Blvd,sold,230072,3,1,3130,33.42612855140301,-112.07667597960355
2353,597 Sutter Pl,sold,297890,5,2,3614,33.55272657474421,-112.00523553571773
2354,95 Post Way,active,145263,3,1,1996,33.46987197809901,-112.20286838456606
2355,105 Texas Wl,pending,230563,3,1,3584,33.49770054982335,-111.95450921469974
2356,716 Texas Trl,sold,191358,4,3,1196,33.464789248519175,-111.89937970472636
2357,34 Post Way,sold,145193,4,1,2062,33.41349623725178,-112.10466112801693
2358,134 Franklin Pl,active,296468,3,3,1371,33.36710660784604,-112.30740204253652
2359,543 7th Trl,active,141377,2,2,1095,33.5845713399418,-112.2305891043192
2360,41 Page Wl,active,130159,3,1,2017,33.51453481531479,-112.19760069170266
2361,411 Page Blvd,active,150294,4,1,2765,33.4846297535083,-112.2761273101051
2362,47 3rd Trl,active,155157,4,3,2727,33.5290844243822,-112.28447900062383
2363,25 2nd Dv,active,262658,4,1,1080,33.55961401845532,-112.30981145561755
2364,550 Walnut Rd,sold,291980,4,1,3906,33.5825097061675,-112.14480313820984
2365,120 Turk Pl,sold,245216,4,3,2367,33.40914021448178,-112.1586147668697
2366,204 Post Pl,sold,246806,2,2,3576,33.46748519965335,-112.09381465820333
2367,96 Page Vis,pending,177789,3,3,2493,33.37953714529359,-112.07204128753595
2368,171 Wall Cir,pending,267377,3,2,3593,33.499119153597036,-112.12272283507478
2369,348 Sutter Vis,active,196333,4,2,3859,33.48916790959248,-112.20030440180263
2370,623 Indiana Vis,active,269563,5,3,1003,33.54696795096452,-112.21704000399903
2371,647 7th Vis,active,266824,4,3,1769,33.39187629164915,-111.94868433083198
2372,647 Blake Dv,active,277700,4,1,2435,33.51998706888413,-111.87276710323314
2373,640 9th Rd,sold,205267,3,3,1197,33.42444005485295,-112.14251450568128
2374,632 6th Blvd,pending,264826,4,1,3642,33.40133519525287,-112.17446322374073
2375,104 Texas Cir,active,187322,2,3,1617,33.36959809659409,-112.14957708364433
2376,416 Bush St,pending,197992,4,2,3228,33.46009281474362,-112.22871282462067
2377,540 7th St,pending,200812,3,2,1130,33.390280315549596,-112.32447981358929
2378,566 7th Vis,active,233069,2,3,1368,33.51038463768763,-112.2649051942687
2379,327 Wall Pl,sold,228793,5,2,3356,33.55629431376325,-112.04716194199408
2380,229 8th Dv,active,236663,5,1,3127,33.481588768010475,-111.98100391157486
2381,602 9th Way,sold,272176,3,2,2401,33.41485691062509,-112.00796893045856
2382,658 6th Cir,active,134844,3,3,2675,33.550696774110826,-112.08647880473839
2383,710 Page Rd,sold,106737,5,1,1921,33.400776950954565,-112.14553664435796
2384,731 Sutter Ave,sold,223713,2,1,3344,33.369878930682034,-112.06558651125485
2385,433 Bush Blvd,pending,109601,3,1,3780,33.40808247965426,-112.23054155854716
2386,755 9th Blvd,pending,178308,2,2,1796,33.52818874207244,-112.09518674017521
2387,236 Euclid Rd,sold,155918,2,3,3376,33.39259304430378,-112.02216507042401
2388,124 9th Ave,active,199971,2,1,2644,33.549165424278065,-111.9183282521203
2389,139 California St,pending,171157,2,2,3206,33.55981656382211,-112.10295987128046
2390,593 6th Blvd,pending,115799,3,1,1064,33.439775762234724,-112.01110802709486
2391,671 Sutter Way,sold,116162,3,1,1372,33.420486107231326,-112.11872211877888
2392,394 Indiana Wl,active,226299,3,3,1243,33.58311739192601,-112.23247128012873
2393,56 Walnut Wl,sold,167960,3,3,2237,33.37999297309683,-112.0854515790333
2394,78 Post Pl,sold,227086,5,1,3246,33.480557413925446,-112.06905752012955
2395,201 Geary Wl,pending,150468,5,3,1320,33.3844938283356,-111.94636044159395
2396,333 Franklin Trl,sold,144611,3,2,1334,33.54508546040565,-112.24197648256185
2397,169 Post Ave,active,143803,4,3,3742,33.495125981154494,-112.2002845649685
2398,446 Geary Blvd,sold,105800,4,2,1477,33.43428843346475,-112.32949152547876
2399,541 Indiana Pl,active,107529,2,2,2506,33.382789570431775,-111.8784048067176
2400,128 Blake Ave,pending,151674,2,3,1245,33.44338302480706,-112.23199628991914
2401,115 5th Trl,active,104705,4,2,1623,33.51171381817956,-112.15302466114116
2402,544 Sutter Blvd,sold,225139,5,1,3598,33.58999729568338,-111.94145342272776
2403,237 Pine Ave,pending,159072,4,3,1939,33.42305934618291,-112.29055053581637
2404,231 7th Rd,sold,252197,2,1,3389,33.385019177660965,-111.97227636313018
2405,757 7th St,active,134631,3,3,1739,33.43166038035384,-112.08551107048874
2406,734 Pine Dv,active,136161,2,3,2691,33.56184105191884,-111.96722217769059
2407,255 3rd Way,pending,122313,5,1,3233,33.36312717994437,-112.19217578975878
2408,42 Euclid Dv,active,137762,2,1,1207,33.47125725544871,-112.25828406648054
2409,114 Franklin St,pending,225415,3,1,2065,33.38223765630681,-112.25331802581124
2410,219 9th Trl,active,156996,2,3,3364,33.413302522120425,-112.23193584416923
2411,250 California St,active,267741,3,3,3493,33.55746942332021,-111.92250661540173
2412,617 Pine Wl,active,200995,2,3,2286,33.558623952398094,-112.18830481526727
2413,283 Franklin Blvd,active,190108,4,3,3800,33.52703314625663,-111.95165892381283
2414,273 Turk Vis,sold,210183,4,3,2902,33.495488504492165,-111.94265681800323
2415,783 4th Rd,pending,137107,4,2,3743,33.45412595588382,-112.21455013032826
2416,204 3rd Blvd,active,212174,3,3,2412,33.42386423254121,-111.88087591743377
2417,254 4th Vis,pending,211598,3,3,3899,33.466962868859376,-111.94743920557812
2418,450 Turk Dv,pending,142658,3,2,3703,33.54395869078737,-112.19777921664527
2419,20 9th Wl,active,263805,2,3,2407,33.51873136916893,-112.03839384298396
2420,111 Geary Dv,pending,224268,3,3,3878,33.499768428308286,-111.99470030210273
2421,255 Sutter Dv,pending,264325,4,1,1739,33.363509598772055,-112.25597106807696
2422,531 9th Wl,active,102044,2,2,2034,33.494010693276586,-111.93831858418352
2423,404 6th Pl,active,113824,5,3,2881,33.48397908625653,-111.98709829590452
2424,689 Bush Trl,sold,196616,2,3,1915,33.54186038642408,-112.17998846146595
2425,106 Indiana Cir,pending,233763,2,3,4000,33.44904433856934,-112.23727701820238
2426,781 1st Ave,active,153068,3,3,3964,33.5231638932218,-112.22037638680145
2427,235 8th Vis,sold,230902,3,1,1112,33.45902084396224,-111.92483011058735
2428,636 9th Dv,pending,105466,2,1,2156,33.54205470124663,-112.0659894779657
2429,118 Bush St,sold,124862,3,2,3702,33.51959582417104,-112.0900635530313
2430,398 9th Way,pending,213600,3,1,2345,33.57324968929099,-111.93074015058502
2431,369 Turk Cir,pending,274335,3,2,2935,33.58600300414502,-111.92582389998792
2432,475 1st Pl,active,113204,2,2,2471,33.5434772279014,-112.20846738968905
2433,226 8th Vis,active,134254,5,1,1289,33.578087560587306,-112.31076542315726
2434,648 Wall Dv,sold,215520,2,3,2024,33.575086021312835,-112.1772587350151
2435,594 Blake Rd,sold,223929,5,1,1588,33.415667733472816,-112.04074320261579
2436,668 7th St,active,270815,2,1,3480,33.509466577792566,-112.1328937840244
2437,61 Wall Pl,pending,294253,5,2,2174,33.54942596725592,-111.94701074150744
2438,392 2nd Pl,pending,166717,5,1,1806,33.56776442330054,-112.33472554077797
2439,160 Mission Cir,sold,227835,4,2,3851,33.587269883934404,-112.17868412106425
2440,11 Geary Rd,pending,264930,4,2,1495,33.47142988035797,-112.04817747086862
2441,768 3rd Vis,pending,268540,5,1,2558,33.52276743481821,-112.23916739481689
2442,427 9th Rd,pending,240284,5,2,1026,33.46535389425036,-112.00524970873911
2443,544 2nd Pl,sold,167696,4,2,3827,33.49320242055553,-112.2208475024571
2444,52 Indiana Ave,pending,196110,3,3,3819,33.46490226745744,-111.98462399207031
2445,654 Page Rd,active,185438,5,2,3232,33.39856476637434,-112.28314471032694
2446,719 Bush Wl,pending,255049,4,1,1287,33.59326219624007,-112.1284543228118
2447,297 8th Wl,sold,129101,5,3,2784,33.39526661847187,-112.03820450257257
2448,514 1st Blvd,active,296185,2,3,2719,33.522443638803836,-112.11063148421135
2449,651 Bush Rd,active,201119,3,1,3166,33.49659348949187,-111.88244545868703
2450,400 8th Way,pending,251315,3,1,2992,33.564977479377184,-112.19140467694866
2451,695 Bush Ave,active,123728,2,2,2797,33.37633251152294,-112.01441220985122
2452,11 2nd Trl,pending,155845,2,3,3176,33.50000557792318,-112.01995329291096
2453,566 Franklin Dv,active,248105,3,3,1890,33.39133513241243,-112.23900432803912
2454,715 Bush Trl,sold,158649,3,3,2516,33.472555222843745,-112.29851445793305
2455,78 California Pl,pending,124912,4,1,2719,33.461732480725516,-112.00000346162558
2456,452 6th Wl,sold,272897,4,1,2864,33.4663753149511,-112.33403197872208
2457,784 4th Rd,active,141119,2,2,1984,33.57350961463374,-112.16669971858589
2458,259 2nd Cir,pending,103748,4,3,2949,33.379144206724185,-112.31937402169729
2459,28 Bush Vis,active,175568,5,2,3928,33.4614572598355,-112.0466866802297
2460,83 Wall Ave,sold,192952,5,1,1996,33.572022700276584,-112.14351574265572
2461,759 Texas Wl,active,121376,3,2,2731,33.46430068023174,-111.88570547631578
2462,672 3rd Dv,sold,122249,5,2,3975,33.53202041720833,-111.89082514364843
2463,343 4th Vis,sold,219957,3,2,1730,33.56689841914129,-111.92718446832639
2464,338 1st Trl,sold,293063,4,1,3024,33.533343166014234,-111.98049682075673
2465,425 Page Rd,pending,124671,2,2,1565,33.57909669788622,-112.34573653712833
2466,191 Euclid Way,sold,159387,4,1,1118,33.54251812532939,-112.13729670149489
2467,152 Walnut Blvd,pending,235166,2,1,3654,33.479128189456134,-112.01075446127928
2468,81 Turk Pl,pending,229547,5,2,3849,33.51944620003597,-112.02654821664925
2469,588 Post Wl,active,169544,5,3,2300,33.414313623466946,-112.16617126625557
2470,698 Post Blvd,sold,195603,5,1,3140,33.41548594751492,-112.17394345366812
2471,11 Texas Wl,pending,237235,2,3,3216,33.57820763120282,-112.00489961432858
2472,488 3rd Dv,active,154108,5,2,1576,33.50401141201864,-112.26677812248901
2473,278 Sutter Rd,active,191317,3,3,3926,33.361644471471806,-112.28672964711315
2474,35 Wall Pl,sold,178066,5,2,1395,33.44044031761938,-112.3489996123171
2475,371 9th Vis,pending,108187,2,3,2439,33.56530838925322,-111.95174162128069
2476,190 Page Trl,active,239672,5,1,1645,33.51265820163482,-112.35788079246015
2477,150 3rd Blvd,pending,113325,2,1,3578,33.49398341053454,-112.01266186099953
2478,591 Euclid Trl,sold,260696,5,1,2930,33.49394464860367,-111.91520123518575
2479,561 Texas Blvd,active,186288,3,1,3623,33.37265866934359,-112.25300833397428
2480,435 Mission Cir,pending,167232,4,3,2927,33.44816800676419,-112.31860601721516
2481,507 5th Trl,sold,191101,3,3,2842,33.526268412257586,-112.34547810002915
2482,474 Texas Dv,sold,136933,3,1,1696,33.50341963861317,-112.26856304949025
2483,97 Post Dv,active,263541,3,1,1548,33.39316729477028,-112.18690740151953
2484,668 Euclid Wl,sold,197499,2,1,1838,33.39645609078712,-112.14419028987639
2485,316 1st Blvd,sold,116631,3,3,3078,33.46610302044521,-111.87744243612765
2486,180 Bush Trl,sold,208227,2,3,1296,33.58683039548046,-112.24879797101991
2487,122 Pine Rd,sold,276160,5,2,2103,33.42191972650973,-112.08690637574091
2488,132 California St,pending,142894,2,2,2592,33.48020902073096,-112.15321122584798
2489,712 Mission Dv,sold,150139,3,2,2159,33.457044780783534,-112.35808631533615
2490,626 5th Cir,sold,168122,3,2,1084,33.415176758550196,-112.06433457921203
2491,206 Sutter Cir,sold,206324,5,2,3049,33.463761780896625,-112.2235273358038
2492,245 Pine Blvd,sold,282504,3,2,1496,33.44935927641708,-112.09060191416214
2493,608 Turk Cir,pending,114464,3,3,3487,33.592198812880504,-112.1434947683363
2494,266 9th St,active,235009,5,2,3047,33.37968246441945,-112.33172305349645
2495,404 Bush Blvd,pending,271722,3,1,3275,33.396433963915285,-111.90394676766256
2496,54 Texas Trl,pending,133950,4,2,2294,33.53173284876973,-112.12649710873747
2497,474 3rd St,sold,158038,2,3,2781,33.539787588567876,-112.0042033099132
2498,140 Franklin Trl,active,288997,5,3,2061,33.46884783386884,-112.1905071826466
2499,207 California Wl,pending,197401,4,3,2874,33.40103663968043,-112.1805420447082
2500,686 Walnut Rd,pending,119842,2,3,2008,33.57527354036409,-112.34352795197455
2501,485 3rd Blvd,sold,242582,5,2,3141,33.3803150339973,-112.14303472324245
2502,157 Page Way,pending,234655,4,3,3441,33.46705791655401,-112.03510905764936
2503,751 Wall Vis,active,116518,4,3,3514,33.394370289983094,-112.12648748222232
2504,403 Franklin St,sold,235412,2,2,2956,33.533591855922396,-112.0693335403662
2505,98 Pine Vis,active,234180,2,3,1640,33.56577325484628,-112.11886092723819
2506,699 2nd Wl,pending,144194,5,1,1144,33.42140771334096,-112.15030146184813
2507,451 Post Ave,pending,210945,5,2,2835,33.46933428378523,-112.32683143708054
2508,178 Walnut Way,pending,253594,2,3,1007,33.560693136551116,-111.91336392286016
2509,237 California Wl,active,138048,5,1,2814,33.411334338514706,-112.35583390751022
2510,261 3rd St,sold,133530,2,3,2891,33.48470898082681,-112.16685355575909
2511,724 9th Vis,active,209838,2,1,2155,33.447648840806885,-112.12727013399754
2512,69 1st Pl,sold,256505,2,2,1738,33.47859547725004,-112.24996301741126
2513,331 Page Wl,sold,225617,4,1,3296,33.45587844621881,-112.08869525302309
2514,700 Geary St,sold,278221,4,3,2562,33.54168353455173,-111.93918048498709
2515,437 Turk St,sold,264499,5,2,1262,33.46031912170836,-111.9844209513976
2516,598 California Way,sold,201435,5,3,2658,33.59077416759554,-112.18771196113775
2517,364 9th Cir,sold,267397,2,1,3411,33.378609152301316,-112.16058197127423
2518,708 9th Trl,sold,268025,2,1,1684,33.475212463589614,-112.12238799554909
2519,197 9th St,sold,115415,5,1,1719,33.52940417446786,-112.05749748145996
2520,22 Euclid Dv,active,245936,4,3,1984,33.37004514206363,-112.1630340117811
2521,638 Euclid St,sold,272004,2,1,3118,33.4586731382487,-112.33562122994492
2522,455 Page Ave,active,191838,4,3,3194,33.46704881656652,-111.95677401743927
2523,216 Bush Wl,pending,211463,4,1,2468,33.53503604577183,-112.33113751713891
2524,310 2nd Rd,pending,117137,5,2,3759,33.57677580870803,-112.14487365150218
2525,171 5th Rd,active,101697,4,1,2610,33.42732447031261,-112.06136776700282
2526,651 Euclid Pl,active,123785,3,2,1344,33.44351177234399,-112.20743598546119
2527,626 6th Wl,active,271771,3,2,1114,33.402505822773435,-112.22273835832623
2528,494 Geary Blvd,active,250474,5,2,3173,33.41433418631313,-112.35191763732077
2529,232 3rd Trl,pending,226016,5,3,2165,33.48855809688883,-112.01702663697176
2530,481 Wall Ave,active,205920,5,3,1095,33.51859636868881,-112.19058726919182
2531,80 Post Pl,sold,283101,5,1,1775,33.46083414360131,-112.13629893227261
2532,252 Walnut Wl,pending,206390,4,2,2937,33.55171571079121,-112.11146198742433
2533,632 Post Way,active,298914,2,1,3394,33.385008538905076,-112.32297824989726
2534,242 Turk St,sold,127728,5,3,1488,33.441212400516996,-112.31585735844071
2535,150 3rd Wl,sold,196566,3,3,3229,33.48232874536009,-111.89415563042193
2536,666 5th Dv,sold,228612,4,3,2664,33.395436040769326,-111.89454244653189
2537,756 Post Vis,pending,118335,5,3,3711,33.439397693258904,-112.07199063785542
2538,346 Sutter Vis,sold,187173,2,3,2138,33.39009198479316,-112.34666885031588
2539,556 Page Trl,active,152695,2,2,3294,33.498192126962756,-111.91108870900595
2540,741 2nd Rd,active,295041,4,2,3552,33.549821405178555,-112.00638369716964
2541,425 Euclid Ave,sold,124823,2,1,1108,33.59304763675032,-111.99434645556416
2542,83 4th Trl,active,110895,5,2,1785,33.46579769705208,-112.26689498592152
2543,562 Pine Wl,active,274881,4,3,2289,33.50777288568532,-112.23764469101228
2544,641 9th Pl,sold,258174,4,1,3257,33.48030332273462,-112.01549763308766
2545,139 Page Vis,sold,156347,5,3,3206,33.36761503653488,-112.33376121423726
2546,90 3rd Cir,active,238412,3,2,3533,33.43450246340831,-111.92407726119862
2547,153 Post Dv,sold,148019,2,2,3252,33.49662806182657,-112.28506292907923
2548,221 1st Pl,sold,263889,2,3,3391,33.57864733887231,-112.16135692968808
2549,590 6th Rd,sold,165617,5,2,2639,33.52828801518924,-112.08520806111628
2550,345 8th Ave,active,207411,4,1,1280,33.42019007413385,-112.30904624737533
2551,626 2nd Blvd,pending,135852,2,3,1717,33.424944153081555,-111.89338276743183
2552,635 6th St,sold,290025,4,2,2681,33.50170943491787,-112.28582495219733
2553,469 6th Wl,active,155391,5,3,1301,33.439561741123,-112.19673349352773
2554,109 Sutter Pl,sold,201785,5,2,3464,33.43500061509088,-111.87261516489363
2555,402 Geary Ave,pending,285516,2,3,3318,33.42256584262117,-112.09729690716114
2556,462 Geary Wl,pending,196846,2,3,2613,33.47443835947156,-111.88029901213272
2557,670 California Way,pending,178820,3,2,2220,33.41434422651182,-112.22608155476811
2558,673 Sutter Trl,active,195598,3,1,1822,33.45799707162311,-112.16541314633737
2559,335 Wall Way,pending,169722,2,3,1177,33.51170116304747,-111.89204795624998
2560,782 Blake Pl,active,220055,5,2,3403,33.48317512850143,-112.2616200791755
2561,273 California Cir,active,155172,3,2,3418,33.392921530634084,-112.04707186216025
2562,576 Walnut Rd,pending,265152,4,3,2508,33.51431640929789,-112.19446595791253
2563,468 Mission Wl,sold,152357,4,1,1825,33.57323564938749,-112.19061314732393
2564,318 Euclid Rd,pending,184402,3,1,1264,33.49927851175042,-112.24334852998483
2565,347 Wall Vis,pending,290460,5,1,2890,33.38690031838391,-112.14774068928894
2566,648 7th Dv,sold,289967,3,2,2423,33.36317130140356,-111.89409964024303
2567,686 Geary Way,sold,168993,5,2,1219,33.37435112592751,-111.98079174500522
2568,707 Euclid Way,pending,218973,2,2,3075,33.43292808838824,-112.2857892149736
2569,20 Walnut Cir,pending,130155,3,3,1997,33.58766166616938,-112.32497636132297
2570,596 Wall Dv,active,166468,2,1,2564,33.57606280409214,-111.9648285274976
2571,167 Post Blvd,sold,214591,5,1,3118,33.47894026293715,-112.14589798551138
2572,255 Post St,sold,294909,5,2,2144,33.442300553786446,-111.876792120459
2573,373 Indiana Pl,pending,271426,2,3,2257,33.48495172372516,-112.34926349738735
2574,32 3rd Rd,sold,259435,2,3,1354,33.566917806678376,-112.33418292053344
2575,403 Franklin Vis,active,213358,3,2,2409,33.53781270592919,-112.3282470392009
2576,299 6th Cir,pending,145183,4,1,3173,33.455237080560174,-111.90240696119093
2577,29 7th Dv,sold,179177,4,3,3853,33.46251700167642,-112.32203906127639
2578,593 Wall Rd,sold,167335,5,3,2777,33.439755693694636,-112.0362225060949
2579,325 5th Pl,pending,233653,3,1,3279,33.455894776760374,-112.16495254215215
2580,152 9th Rd,sold,257193,4,3,2218,33.4757042358062,-111.97624664297466
2581,529 Turk Vis,pending,296851,2,2,1582,33.36911083319568,-112.26394426757672
2582,245 Blake Way,sold,238693,5,2,3269,33.39621344782706,-112.36016088405437
2583,423 5th Ave,pending,147755,2,2,1674,33.375458256855836,-112.33299611303444
2584,378 Blake Dv,active,102748,3,3,3461,33.402639995157436,-111.9659940614068
2585,105 Sutter Trl,sold,107922,2,2,2027,33.57578709192306,-111.96404513000573
2586,176 9th Cir,active,180936,5,1,1616,33.51862437607304,-111.9815381675859
2587,231 7th Vis,pending,173520,2,2,3845,33.55800543857582,-112.31860754165862
2588,501 Sutter Trl,sold,183324,2,1,3689,33.49760278377349,-112.10118437149407
2589,450 California Ave,active,162077,2,2,2947,33.50398704043665,-111.9932890693208
2590,323 Franklin Trl,active,189981,5,2,2698,33.38035070312546,-111.98872073966686
2591,629 Bush Cir,sold,151906,3,3,1573,33.464883175997684,-112.12598635902778
2592,230 Page Rd,active,274728,2,2,2394,33.5780256258368,-112.3041714409778
2593,121 Sutter Cir,sold,253332,2,3,3131,33.48389093651818,-112.14838691789802
2594,379 California Ave,active,277040,5,1,1511,33.57803489422324,-111.88031204431843
2595,359 Wall Vis,active,153695,5,1,1508,33.39276941081593,-112.12507945390793
2596,767 7th Blvd,sold,257084,5,1,1848,33.39710593881935,-112.0431693347921
2597,336 5th Blvd,pending,212202,3,1,2747,33.54793790110403,-112.28530055622602
2598,292 Geary Cir,sold,143263,2,3,3211,33.58161284141602,-111.91252622153496
2599,87 4th Blvd,pending,243319,3,2,3388,33.57554798613788,-112.20027753599109
2600,299 Wall Blvd,pending,240551,2,2,2516,33.404857383784744,-111.90754374354101
2601,406 Walnut Trl,sold,217292,5,3,3474,33.54636050754203,-111.92655026561276
2602,497 Wall Blvd,pending,132597,4,2,1513,33.43048921488453,-111.99998590148464
2603,268 Page St,sold,149466,4,1,1966,33.461548144069724,-111.97456909069601
2604,544 Indiana Wl,sold,213261,5,1,2658,33.37259189115486,-112.19517810476601
2605,196 Post Trl,sold,178942,2,3,3878,33.459259023346604,-112.20658874498385
2606,744 8th St,sold,118430,5,3,2793,33.42464018225087,-112.26766668755103
2607,217 3rd Dv,pending,224620,4,1,3387,33.570288083289725,-111.90471702647073
2608,746 Geary Trl,pending,222878,2,2,1121,33.505571906252854,-111.89776335757644
2609,687 9th Way,sold,106459,2,3,2038,33.375880982747766,-112.05795302972366
2610,520 Blake Cir,active,270825,2,3,1835,33.51055295877782,-112.03316077067348
2611,212 2nd Cir,pending,211535,5,1,3398,33.48460163942082,-112.00177731128
2612,295 3rd Cir,sold,218822,4,2,2500,33.534205779746294,-112.06655931276134
2613,445 1st Pl,active,102873,4,3,2274,33.423510077258356,-112.29365617924901
2614,30 Wall Rd,active,214005,4,1,3790,33.37757859513101,-112.14344760921401
2615,479 Post Dv,sold,123312,4,3,3967,33.37178727104625,-112.13803057428257
2616,34 2nd Blvd,sold,143791,3,3,1596,33.47742230815565,-112.3249731891627
2617,12 2nd St,pending,145230,2,3,3295,33.46217293114627,-112.08665296590156
2618,54 9th Cir,pending,210161,4,2,2617,33.384664661943184,-111.93716201150916
2619,645 Texas Pl,pending,129612,2,1,3867,33.547655868383465,-112.31972524192483
2620,348 8th Way,pending,299297,5,1,1310,33.49565213642567,-112.07747099914418
2621,562 5th Rd,active,121680,5,1,2851,33.454235791888884,-111.89010777642984
2622,68 Franklin Ave,active,121855,3,1,1756,33.5884767800718,-112.33275348581351
2623,796 7th Dv,active,240211,2,3,2558,33.42872142977582,-112.16042346696854
2624,149 5th Blvd,sold,232439,2,3,1034,33.51774373202047,-112.19856760857525
2625,301 Blake Wl,sold,253712,4,2,3900,33.592306066181,-112.2818655621075
2626,641 Sutter Wl,sold,277553,4,2,2515,33.49751693428244,-112.33901996021305
2627,620 Page Rd,pending,206206,3,1,2685,33.5203070323039,-111.89923876152766
2628,286 Wall Cir,pending,120211,5,1,1882,33.53417843423688,-112.04614991930701
2629,439 6th Way,pending,164420,3,1,3241,33.45347834232707,-111.90591710335727
2630,162 Page St,active,226601,2,3,3765,33.36762245735303,-111.95497338552576
2631,443 Geary Wl,pending,167974,4,2,2682,33.41275539094962,-111.97591054380469
2632,335 Page Cir,sold,285910,5,2,1607,33.50659676526124,-111.91761146203818
2633,198 Pine Vis,pending,279763,4,2,1709,33.58847911863654,-112.09843450096878
2634,573 7th Pl,pending,245869,3,2,1668,33.40918820669077,-111.87944672299531
2635,271 Blake Cir,pending,144083,2,2,2817,33.57257209377574,-112.24628063217533
2636,98 California Ave,active,248995,5,2,1363,33.38852194726604,-112.01589855610935
2637,153 3rd Trl,active,298975,5,1,2824,33.50506063371553,-112.16237049170063
2638,228 Geary St,pending,210827,4,2,3444,33.38141436021206,-112.33137752906146
2639,281 Indiana Dv,active,141230,3,2,1733,33.58945474370889,-112.13700353149116
2640,740 2nd Cir,sold,149073,4,2,1030,33.530261886494316,-112.19448368395327
2641,81 1st Way,sold,119083,5,2,3207,33.38314927896531,-112.09518585853027
2642,294 Bush Cir,sold,128385,2,3,2413,33.54640465619563,-111.90696756671392
2643,706 Euclid Dv,pending,214510,2,3,2584,33.515949068873645,-111.98658050612524
2644,335 Page St,pending,100241,5,1,1761,33.550248672846855,-112.2747526972529
2645,11 Page Trl,sold,181146,2,2,2976,33.47695649923321,-112.22493742206352
2646,549 Walnut Dv,sold,245628,5,2,1132,33.42339315150004,-112.05743976415874
2647,32 8th Vis,sold,257410,3,1,1475,33.57804995680128,-112.12905232179585
2648,615 Indiana Rd,pending,191356,2,2,3784,33.367269746388196,-112.01120653527725
2649,262 Turk Dv,sold,188482,4,3,2999,33.37029731093859,-111.896577753094
2650,298 8th Trl,sold,286369,3,3,3607,33.4550647179054,-112.36165222541574
2651,257 7th Pl,active,151638,5,3,1852,33.42532932887731,-112.02611529122817
2652,175 4th Trl,active,260501,5,3,3486,33.583979425114116,-111.99770245499421
2653,246 Walnut St,pending,270611,3,2,3004,33.420247917700586,-112.22539984790635
2654,240 1st Rd,sold,149093,4,1,3678,33.424458006266086,-112.1747068267984
2655,783 Wall Dv,pending,292093,3,1,3967,33.41844771688556,-111.91992437163957
2656,245 Geary Blvd,active,251614,4,3,3336,33.4905689374197,-112.28636743250102
2657,534 Walnut Ave,sold,212081,4,1,3041,33.5743293976035,-112.10355942552971
2658,486 Geary Rd,pending,103621,4,2,3617,33.52122111231379,-112.27758503758317
2659,633 Turk Vis,sold,120150,2,1,1977,33.46845442358967,-112.28230417058577
2660,76 Texas Rd,sold,220031,4,2,1424,33.36158015855101,-112.13300872241537
2661,161 4th Blvd,pending,238339,3,2,2557,33.43746261648099,-112.17728111783588
2662,436 Blake Ave,sold,129593,3,2,2177,33.50863353222963,-111.87635195052523
2663,196 3rd Cir,pending,240033,3,2,2717,33.578517678065566,-111.92630696960246
2664,158 Walnut Pl,sold,206795,5,2,2018,33.45852007022938,-112.10543782248119
2665,577 Turk Vis,sold,188757,3,2,2902,33.543691815447566,-112.2441853808137
2666,195 Pine Dv,active,228675,2,2,1873,33.50786144554527,-112.14813070185042
2667,160 Wall Dv,active,110939,3,3,1422,33.49278197044417,-112.15871043119964
2668,702 Post Pl,pending,170243,3,3,1871,33.46280294805924,-112.14576783247514
2669,400 Franklin Ave,active,223235,2,2,3969,33.435097877637716,-112.07223645724892
2670,14 Franklin Way,active,256089,3,1,2323,33.40464281538809,-112.07315133402815
2671,99 Texas Ave,active,185381,3,3,3036,33.48013067672301,-112.10419859568303
2672,283 3rd Blvd,sold,258256,4,2,1805,33.42309342455222,-111.88000036126076
2673,236 Pine Blvd,sold,265757,2,3,3989,33.409609260152656,-112.16207858145049
2674,163 4th Wl,sold,238114,2,3,3947,33.53309214617686,-112.05535532012418
2675,779 Turk Ave,active,223994,3,2,1611,33.50518384854968,-112.3151550095948
2676,711 Indiana Dv,sold,146373,3,1,3673,33.580494051310815,-112.27650121387013
2677,376 Indiana Vis,active,170777,2,1,2130,33.41673252107591,-112.21834977711059
2678,595 Blake Vis,active,174485,2,1,1287,33.49456310627047,-111.99931727160138
2679,622 Sutter Rd,active,265820,4,1,1643,33.585643639768435,-111.9332759938408
2680,291 Euclid Wl,pending,267718,3,1,1965,33.43825291351898,-112.22737105281423
2681,707 Franklin Rd,pending,242648,3,3,2540,33.50150924116052,-112.17423425276448
2682,161 6th Pl,sold,188301,3,1,3287,33.46229498777134,-112.2828756834528
2683,490 Indiana Vis,sold,124526,5,2,1780,33.58087366273012,-111.88361377708534
2684,99 3rd Vis,active,239025,5,1,1558,33.41074536403134,-112.10490733475751
2685,784 Walnut Ave,sold,260224,5,2,2560,33.41681342825786,-112.3424887549201
2686,325 Bush Ave,sold,192747,2,2,2499,33.40391887101913,-111.8805282956273
2687,94 Euclid Cir,sold,227933,5,1,2103,33.405692942704526,-112.06289773986323
2688,191 9th Trl,pending,128602,3,2,1157,33.51116473930868,-112.0061486781074
2689,399 8th St,active,226878,5,1,1220,33.527764875354016,-112.20218992976397
2690,535 8th Trl,sold,102370,5,2,3515,33.481587442258736,-112.32928643023533
2691,105 4th Trl,pending,114646,3,3,1258,33.590306008660235,-112.23861761042932
2692,173 Turk Cir,sold,201831,4,2,2713,33.481584444694036,-112.17056511928718
2693,351 Wall Way,sold,252833,3,1,2131,33.442124409627404,-111.99310315002455
2694,267 1st Vis,active,116957,4,3,1392,33.378354688050514,-111.97581676765668
2695,574 1st St,sold,126354,3,3,1074,33.43057415778636,-112.13837426443199
2696,157 Pine Pl,sold,228106,3,3,2330,33.535247665053724,-112.27824553307444
2697,106 Geary St,sold,153318,5,1,3623,33.48174364620918,-111.96479535047324
2698,305 8th Rd,sold,104078,3,3,3732,33.509375615790674,-112.0074295213545
2699,15 Page Dv,active,187862,2,2,1514,33.51125764233332,-112.05015193567485
2700,560 Geary St,active,151733,5,2,1288,33.41048218161025,-112.03352628837186
2701,571 Walnut Blvd,sold,131673,3,2,3433,33.37522723593471,-112.0552434857035
2702,734 Geary Way,pending,159333,5,2,1179,33.47399878868875,-112.30848509413855
2703,174 2nd Rd,pending,207205,3,2,2863,33.57565093043581,-112.04292280652074
2704,385 Pine Wl,sold,184158,2,1,1134,33.498165309778855,-112.26035828957657
2705,236 Walnut Dv,pending,139046,5,2,1104,33.38313945754343,-111.8947209003126
2706,301 Euclid Blvd,pending,106062,3,2,3752,33.58125004360063,-112.31187116637356
2707,595 Sutter Cir,active,176383,5,2,2738,33.478326775844984,-112.317219936815
2708,659 Indiana Dv,pending,109616,5,3,3742,33.4810242174552,-112.35113666466437
2709,295 2nd St,pending,117278,4,3,2147,33.48635067573505,-111.92383393371111
2710,331 1st Blvd,sold,283582,5,1,3364,33.56696551035438,-111.8916068796227
2711,605 Sutter Ave,pending,203313,3,1,1653,33.410591703880975,-112.09237784763388
2712,213 Euclid Pl,active,105665,2,1,3862,33.39756710684146,-112.0550746917264
2713,290 Wall Dv,sold,126897,2,1,2225,33.56771768927272,-112.20611839052295
2714,291 8th Rd,sold,221395,4,3,3179,33.370730143862374,-111.9779826740019
2715,465 3rd Rd,active,151695,4,2,2963,33.453850215237765,-112.1904859001148
2716,382 Wall Ave,active,220381,5,2,2402,33.41739561010129,-112.11536456572074
2717,198 6th Way,active,233193,3,1,1564,33.47408403547281,-112.17419065005951
2718,535 Mission Wl,pending,104609,5,2,2066,33.44193340427977,-112.19277228821073
2719,89 Mission Pl,sold,191540,2,1,3264,33.56247295165312,-112.09376618269259
2720,621 Texas Trl,sold,172855,3,1,2264,33.517217958461636,-112.17292296166165
2721,507 Page Trl,active,286951,5,3,1755,33.41698223696003,-111.99905341885507
2722,484 3rd St,pending,210742,2,1,3397,33.48632654119008,-112.06701685415825
2723,499 Texas Cir,active,212539,4,2,3756,33.45698996947204,-112.30134779998284
2724,72 Euclid Trl,active,140420,2,3,2440,33.478535740389034,-112.13375959881637
2725,162 Blake Trl,sold,105732,4,2,2927,33.469817610324945,-112.32448530219735
2726,74 Texas Pl,active,248658,5,1,2517,33.571460095889265,-112.07895811645007
2727,711 Pine Cir,pending,189333,5,3,2675,33.37750278960105,-111.93309953978645
2728,617 Bush Rd,active,127738,5,1,1411,33.52852375912066,-112.25779116199541
2729,470 8th Cir,pending,107081,5,1,1531,33.456060044987034,-112.0188709568055
2730,324 Pine St,sold,186396,2,2,3855,33.41901126751766,-112.33770175358728
2731,33 Wall Ave,pending,129788,2,2,2940,33.46373487300612,-112.32036659852642
2732,432 Indiana Pl,sold,191687,4,2,3463,33.50118706617581,-112.05458083585268
2733,323 Geary Wl,sold,167270,3,2,2448,33.49738617053271,-112.32662703891233
2734,225 Indiana Trl,pending,121685,2,2,1917,33.52950209933247,-111.9225448791203
2735,651 Bush St,active,271427,5,3,2344,33.54262532959549,-112.18208783776517
2736,129 Franklin Ave,active,190093,2,2,1910,33.581592144837124,-112.03652595047845
2737,580 6th Rd,active,288511,5,1,2216,33.55704795392641,-112.26974552139619
2738,663 Franklin Dv,sold,173925,2,3,3603,33.59041645729939,-112.09282803366126
2739,284 Sutter St,sold,232921,3,1,3298,33.51460768792854,-112.29779858520298
2740,245 Walnut Dv,sold,291668,5,3,1170,33.46109896800093,-111.97870108342296
2741,428 Page Wl,pending,296136,2,1,1229,33.49523531209032,-112.25154936679048
2742,566 4th Pl,sold,122125,3,2,2893,33.57300145545998,-112.16185810892787
2743,347 Bush Ave,sold,220684,5,1,1227,33.371421924846146,-112.16109045888815
2744,720 6th Pl,active,263731,3,2,2045,33.48057700433367,-112.0088723904228
2745,670 2nd Ave,active,297826,4,3,3898,33.526649446681866,-112.33272494383753
2746,61 Walnut Pl,pending,279982,5,2,2283,33.48525317925725,-112.11340075531521
2747,637 3rd Rd,pending,150439,2,3,3340,33.532167812348305,-111.90429218284967
2748,63 California Trl,sold,266785,2,2,3614,33.42872342663432,-112.0701893991187
2749,253 Page St,sold,164481,5,1,3890,33.39095993705749,-112.226374268208
2750,13 Turk St,active,264870,3,1,1661,33.464754141982716,-112.3150556687569
2751,405 Sutter Vis,pending,133362,3,3,2835,33.37633215607979,-112.1280694145806
2752,491 Blake Rd,active,130838,3,2,3258,33.52374264475542,-112.17910036472476
2753,547 Sutter Rd,active,108590,4,3,3816,33.42211804288878,-112.07998656164237
2754,513 Geary Blvd,active,134096,3,3,3795,33.55990415882457,-112.20121424523144
2755,716 Geary St,sold,285016,4,3,2640,33.4688141897114,-112.14153975655408
2756,278 Blake Ave,sold,278482,4,1,3067,33.453257548478184,-112.32561094050592
2757,69 4th Vis,pending,153975,4,1,1843,33.511514589425616,-112.02734652108788
2758,14 6th Cir,sold,171423,5,2,2032,33.4241221197924,-112.20717770747595
2759,436 Blake Vis,pending,282092,2,3,3219,33.41953605944612,-111.95052517225447
2760,102 California Vis,sold,212949,5,2,2934,33.39349100952066,-112.25379231053772
2761,211 Sutter Blvd,active,194406,3,2,3976,33.40976944100014,-112.2161381258041
2762,13 5th Pl,pending,116201,4,1,3985,33.54375038191864,-112.05604911910042
2763,391 Franklin Rd,active,201589,2,2,3754,33.43026093507803,-112.30138973315889
2764,534 California Wl,sold,185681,5,2,1512,33.48669080667946,-111.9487453469178
2765,667 4th Wl,pending,100369,2,2,1080,33.4011222496778,-111.93468123580374
2766,285 Franklin Pl,pending,158874,5,2,1362,33.38273925618643,-112.23016560738583
2767,761 Geary Wl,sold,252743,4,3,1495,33.470863488730004,-112.07434812523314
2768,777 Page Way,active,241232,3,2,3271,33.494457084687596,-112.05612560489726
2769,460 Geary Trl,active,261926,2,2,2550,33.430288184101165,-112.22527107292002
2770,12 3rd Ave,pending,275807,3,3,3537,33.48773807196861,-112.35316332824318
2771,702 2nd Ave,pending,230577,5,3,1018,33.43181588217257,-112.22932400953609
2772,510 1st Rd,active,281257,5,2,3918,33.46622564244046,-112.08834670047595
2773,392 2nd Ave,pending,163379,4,3,1400,33.39405874538416,-112.08608791909188
2774,137 Geary Cir,sold,167340,4,1,3697,33.495701665237426,-111.93138529426166
2775,646 Blake Way,pending,180187,4,1,1768,33.489233146114856,-112.23254882635992
2776,179 Mission Blvd,sold,169239,2,2,2001,33.37923072910627,-112.09685809634829
2777,282 Blake Blvd,pending,289704,5,3,1696,33.48389586723736,-112.05321217464547
2778,321 Indiana Ave,pending,106083,3,2,1042,33.57303462880196,-112.21517133160847
2779,138 Euclid Trl,active,124240,2,3,3176,33.46510831739242,-112.02313350914
2780,489 7th Wl,active,175036,3,2,2363,33.4671757380074,-111.90163852098702
2781,49 Walnut Wl,active,297027,2,2,3730,33.37312940852945,-112.35969688277146
2782,272 8th Dv,pending,181014,4,2,3824,33.546541578132825,-112.23482148638061
2783,359 Page Ave,active,290394,2,1,2422,33.4258110219165,-112.35324608434811
2784,258 8th Pl,pending,131460,3,3,3890,33.58880385936522,-112.2029361992605
2785,357 Bush Blvd,active,295816,4,1,3797,33.537292221353574,-112.14661486272267
2786,770 Pine Rd,active,178447,3,1,2129,33.382559717336164,-112.22493501453913
2787,488 Turk Wl,sold,220907,2,1,2112,33.56751937193615,-111.87939465383835
2788,696 6th Blvd,sold,218209,4,1,2837,33.505465099945525,-112.23349134714587
2789,559 Euclid St,active,213263,4,2,3572,33.45637951110883,-112.09407120599687
2790,71 Post Blvd,active,259006,3,2,2921,33.55289058219188,-112.36063233315443
2791,288 Page Blvd,pending,194876,5,2,3823,33.455686533861595,-111.91155440118779
2792,734 Indiana Cir,active,277674,5,1,2954,33.582607814911576,-111.9824581326245
2793,467 Post Cir,pending,209022,5,3,2723,33.379999906368866,-111.8997077568613
2794,705 Page Pl,pending,172708,4,2,1592,33.50514564234457,-112.01800840800394
2795,708 Page Vis,pending,290203,2,3,3762,33.526398195637306,-112.30427578340495
2796,304 2nd St,pending,139712,2,3,3642,33.55596770473884,-111.89320795964674
2797,756 Franklin Dv,pending,158180,3,3,2970,33.449918507671235,-112.24688593301764
2798,412 Bush Pl,pending,139195,2,2,2095,33.37154262374621,-111.94355770012102
2799,366 2nd Trl,sold,246448,3,3,3104,33.56617229359641,-112.07804323432609
2800,97 California Ave,pending,170665,4,3,2654,33.54840753884564,-112.28881998850801
2801,64 Wall Pl,pending,124457,4,2,1809,33.46387434488557,-112.35042931680877
2802,604 Bush Ave,active,135306,5,2,2004,33.42742331472706,-111.98642239395281
2803,761 1st Ave,active,141405,2,3,2520,33.57296616374629,-112.29663014485642
2804,199 9th Blvd,active,250630,2,3,2177,33.555542581482385,-111.90882910974588
2805,623 1st Cir,sold,232960,5,3,3649,33.52604131496352,-112.24878062053516
2806,367 3rd Way,active,194396,4,1,2046,33.56511414559785,-112.27816196574986
2807,779 Pine Pl,active,131538,2,1,1734,33.47834578406185,-112.17600648969362
2808,110 5th Trl,pending,224213,3,2,3232,33.48470438520146,-112.07674917519422
2809,487 Bush Way,sold,197246,4,3,2894,33.55721290445262,-112.18531283193796
2810,342 6th St,active,230978,2,3,3070,33.465756484719186,-112.15704166480249
2811,365 1st St,pending,267948,4,2,1794,33.43579343276602,-111.93198914340212
2812,445 7th Way,active,129637,5,2,1046,33.4497450437988,-112.0226146296504
2813,573 2nd Vis,active,193901,5,2,2627,33.49391140222674,-112.1596867528541
2814,277 5th Rd,sold,214598,5,1,3594,33.5841812306869,-111.9388431053399
2815,170 3rd Dv,pending,146210,4,1,3038,33.414093355313696,-112.07103529608153
2816,16 Post Blvd,sold,159048,3,3,1363,33.55252245162589,-112.29539908537667
2817,548 Post Dv,sold,186549,5,3,2249,33.477867415813265,-112.26385051817127
2818,479 8th Cir,active,247213,3,2,3791,33.40993530943059,-112.29336490508628
2819,33 Franklin Ave,sold,261289,4,3,3053,33.58708415516628,-112.10208064644004
2820,748 1st Vis,active,218929,3,1,1766,33.51694202728144,-112.35223517992947
2821,577 3rd St,sold,202453,2,1,2621,33.37014723087682,-112.07927434398994
2822,515 Pine Wl,active,196010,4,3,3460,33.43623008090607,-112.25110664221343
2823,339 Mission Wl,pending,201370,2,1,2019,33.58976528474311,-112.3501115294845
2824,348 8th Way,pending,177927,2,2,1478,33.52171526011826,-112.24460132307603
2825,674 Franklin Cir,pending,167852,2,2,3475,33.42569235799252,-112.04386267620563
2826,184 Walnut Ave,sold,103656,2,1,1433,33.420313930704516,-111.87697227876035
2827,677 Pine Pl,sold,195531,3,1,2494,33.449115863779284,-112.01568618626156
2828,73 Franklin St,sold,206564,2,2,1306,33.52439613105894,-112.12126069213448
2829,578 1st Vis,pending,222203,2,3,2224,33.42149472678004,-112.31408239500368
2830,340 2nd Pl,active,215359,4,3,3490,33.5596818271205,-112.28100500090504
2831,463 Texas Wl,sold,294135,3,1,2444,33.493622944298394,-112.18199198266714
2832,34 Wall Wl,active,171058,5,2,1173,33.36551100531786,-112.29349644001364
2833,643 Post Wl,sold,196610,5,2,2053,33.395055421958325,-111.96175087327849
2834,20 Geary Trl,sold,158996,4,2,3744,33.44234482599917,-112.28515168892405
2835,86 Texas Blvd,sold,174874,3,1,2464,33.38244360801673,-112.15316616236693
2836,450 1st Cir,active,154727,5,3,2676,33.51866383038608,-112.32011655761819
2837,568 3rd Dv,sold,122193,2,3,2763,33.50341245042079,-111.92733054679094
2838,523 Walnut Cir,active,241486,4,2,1159,33.415306937164864,-112.17616009489299
2839,143 Indiana Blvd,active,121184,5,1,3983,33.59404355047329,-112.29753264599898
2840,233 Pine St,active,190268,5,2,1165,33.570025271776665,-112.27240386250018
2841,370 9th Cir,active,221177,2,3,3093,33.482238959410616,-111.92432402523116
2842,189 Turk Vis,sold,265880,3,3,3544,33.47361058781602,-111.9256918296548
2843,80 Franklin Ave,active,289483,5,1,1536,33.4329797817508,-112.03214931882131
2844,462 3rd Way,sold,254215,4,2,2982,33.465621082917096,-111.9344418601291
2845,341 Blake Pl,active,206944,4,2,2388,33.497404345154195,-112.27828557584252
2846,662 4th Cir,sold,158565,2,1,1754,33.37856377420352,-112.13554815619067
2847,289 Blake Vis,sold,174079,3,3,3887,33.51309183191475,-112.19693704951139
2848,89 Texas Cir,active,210431,4,3,1092,33.48578484733626,-112.11114953564166
2849,252 3rd Vis,sold,150165,3,1,2767,33.4330263193575,-111.93117195898955
2850,236 Mission Cir,pending,156849,5,2,3655,33.37052251862245,-112.31751873735769
2851,87 4th St,active,198104,3,2,2898,33.55564726454146,-112.1091018584365
2852,496 Turk Blvd,sold,267230,3,3,1278,33.475508669053525,-111.9210421478197
2853,706 Indiana Ave,pending,104242,2,2,2253,33.590290648635964,-112.03491172020225
2854,411 Euclid Pl,active,180036,5,1,1236,33.51360735938399,-112.21582491360653
2855,254 3rd Cir,active,104204,2,1,1176,33.39223586865219,-112.28949805350676
2856,454 2nd Blvd,sold,256740,2,1,1698,33.444597255230654,-112.04454043774984
2857,424 Indiana Way,sold,176896,3,3,1833,33.57076853147737,-111.88660345866333
2858,386 5th Trl,pending,156159,5,1,3703,33.5224021993309,-112.02063315220036
2859,70 7th Rd,active,227177,2,3,2654,33.512681505327414,-112.26669513818837
2860,626 2nd Way,active,161254,5,2,3124,33.39439493575173,-111.98447503949055
2861,642 9th Rd,active,157763,5,3,1063,33.50616187836254,-112.29774449910661
2862,262 Turk Dv,sold,130658,2,1,1144,33.50829878999073,-111.89341813404926
2863,729 Sutter Pl,sold,120164,2,3,1200,33.41828590609567,-112.12002015110278
2864,148 California Dv,active,204618,3,1,1343,33.43013172111842,-112.3475255835032
2865,160 Franklin Wl,pending,184662,3,3,2214,33.46697725619588,-112.19097304406621
2866,315 Geary St,sold,297137,2,3,3728,33.53677546465408,-112.04255276209506
2867,250 Geary Blvd,active,191412,4,2,1704,33.48041809770757,-111.91830171345715
2868,23 3rd Cir,pending,250522,5,1,2722,33.388376939291504,-111.92468891452442
2869,53 Indiana Trl,pending,180483,2,1,3748,33.56103268885516,-112.01303289135369
2870,685 California Way,active,265625,2,3,3390,33.536938795616265,-112.33497455269786
2871,702 Wall Dv,pending,183637,4,2,1442,33.39465485089657,-112.35141030392758
2872,542 7th Blvd,active,205024,3,1,3341,33.52167512567998,-112.23463331114435
2873,619 Bush Ave,active,178841,2,1,2784,33.40766022523047,-112.20566313597857
2874,661 Euclid Wl,sold,227225,2,3,3365,33.44754610090355,-111.92256741510417
2875,432 3rd Wl,sold,218491,2,3,3605,33.4411309564405,-112.33040885787051
2876,398 8th Pl,sold,103527,2,1,1973,33.54096560411176,-112.19732388124491
2877,664 Turk Trl,sold,166124,4,1,3167,33.58631222169425,-112.06388046240612
2878,646 8th Pl,active,272194,3,3,3465,33.55207204026,-112.16887774550406
2879,261 Blake Rd,active,234146,4,1,3637,33.54638567907376,-111.9393551237038
2880,694 Post Trl,pending,237186,5,3,1890,33.579477322951,-111.99247514852439
2881,332 6th St,pending,263816,4,2,3197,33.547341589671255,-111.98521534272598
2882,149 Page St,pending,194843,5,1,1776,33.446331633592095,-112.20355712235808
2883,178 Bush Dv,sold,124316,5,1,1413,33.444968462725384,-111.98711810984533
2884,523 9th Vis,sold,221340,3,1,3220,33.49941168935652,-112.3357432450277
2885,120 Blake Cir,sold,233197,5,1,2492,33.45411279073925,-112.08125060519475
2886,185 9th Dv,active,240278,3,3,3599,33.5925295672174,-112.01445704269524
2887,141 Walnut Trl,active,164424,3,3,2696,33.53690816111354,-112.07712432467083
2888,288 2nd Blvd,pending,151288,2,3,2407,33.55109792833105,-112.09884043348893
2889,752 California St,active,113086,5,2,1939,33.50152559397675,-112.27453003199363
2890,138 Mission Blvd,sold,133055,5,2,3549,33.4433033686533,-111.97987664941274
2891,469 Mission Rd,pending,161787,2,1,3315,33.57054303166819,-111.9769405722199
2892,198 Page Way,pending,178158,2,2,3263,33.44843652926091,-111.90015012272606
2893,576 2nd Pl,sold,298305,2,3,3422,33.379068033822286,-112.27353102516467
2894,708 Franklin Blvd,active,239267,5,2,2163,33.41129396533948,-112.13918697894368
2895,711 6th Blvd,pending,286227,3,1,3502,33.40093915716243,-112.16815578821635
2896,519 6th Pl,active,168605,2,2,3230,33.51477690131835,-111.93798992507612
2897,104 Blake Cir,pending,162179,2,3,3486,33.480611791659356,-112.24277785580553
2898,283 Post St,active,202017,2,3,3366,33.36504084951428,-112.319711724926
2899,296 Texas St,sold,181224,2,2,3899,33.57396290627446,-111.89367285010181
2900,349 Indiana Wl,pending,173429,4,3,2245,33.51205072520662,-112.27705655212364
2901,115 5th Blvd,sold,165852,3,1,3983,33.560570873008814,-112.23249848759848
2902,455 Wall Wl,active,235505,2,1,2438,33.50298763822667,-112.29573861140811
2903,285 Turk Cir,active,172756,5,3,3751,33.5292342143202,-112.04215420882048
2904,712 1st Rd,sold,168785,4,2,1736,33.54569086583901,-112.28282043405426
2905,264 2nd Rd,sold,234937,2,2,3604,33.569335911560856,-112.2218743792061
2906,190 Mission Cir,active,182678,4,1,3295,33.561634591292915,-111.89067301442763
2907,212 Pine Vis,sold,108194,5,2,3128,33.57817748774671,-111.93329836578215
2908,312 1st Cir,sold,200324,2,1,1936,33.48451279344822,-112.210108332631
2909,579 Bush Pl,pending,292356,2,2,1967,33.587583868502264,-112.35320744861976
2910,725 Texas Blvd,pending,276192,5,2,3123,33.37081449370932,-112.30755061479385
2911,68 Euclid Way,active,286765,2,3,2594,33.43942850693695,-111.96592552981762
2912,134 Blake Cir,pending,153271,5,2,3127,33.58776403058636,-112.24823606875721
2913,284 Page St,active,290596,3,1,2788,33.57389916878362,-111.96532328715803
2914,154 Franklin Cir,active,126101,3,1,1933,33.54574894050468,-111.9159043556845
2915,353 8th St,sold,155486,5,1,2616,33.58036702171146,-112.03009712943951
2916,305 1st Dv,active,276180,2,1,1109,33.54648115020732,-112.05061210927093
2917,586 Post Dv,pending,268417,3,3,3818,33.52615349095547,-112.12561721067406
2918,49 Turk Way,active,295866,5,1,3776,33.54803904709544,-112.01309168252355
2919,729 1st Dv,active,261425,5,3,1615,33.48711383120777,-112.22493348827845
2920,24 Geary Ave,active,281490,4,3,1861,33.57920332814718,-112.05766207889275
2921,355 Pine Ave,sold,105668,3,3,1212,33.581522252986254,-112.13380637970161
2922,546 6th Cir,active,137436,5,1,2491,33.53578444168645,-112.1977329341278
2923,24 3rd Rd,pending,262343,5,3,1277,33.38864217995184,-112.21097971865714
2924,638 Walnut Cir,pending,292319,3,3,3350,33.55171563307015,-112.04578146633641
2925,337 California Way,sold,136974,2,1,3604,33.40950978881164,-111.89553537842991
2926,145 9th Blvd,sold,193978,4,3,2453,33.449894981930036,-111.88406870207798
2927,239 7th Rd,active,271931,2,1,1905,33.521625672963104,-112.13537148720134
2928,325 4th Cir,sold,291686,3,3,2527,33.58841258373553,-112.13747822518064
2929,238 Pine Vis,active,171254,3,1,2108,33.46623569404801,-112.33097391662994
2930,599 6th St,pending,129704,2,2,3703,33.38080526686667,-111.96871720857212
2931,153 3rd Dv,pending,197481,5,3,1345,33.535328279820746,-112.1031582947012
2932,86 Mission Pl,pending,297337,2,3,3196,33.36633946834027,-112.02138965057124
2933,346 3rd Ave,pending,108472,3,2,2424,33.48417330551929,-111.94195474957331
2934,424 Turk Trl,sold,245643,3,2,1450,33.55848536260383,-112.25181736257166
2935,756 Geary St,pending,127738,5,1,3937,33.44500609316386,-112.02593657684668
2936,471 Post St,active,228431,4,2,2672,33.46953467952688,-112.03378241299923
2937,60 Franklin Cir,active,239304,4,2,3804,33.52278202615708,-112.10204391116008
2938,192 California St,sold,226874,3,1,2048,33.487953414248786,-112.30955188769806
2939,387 Page Cir,sold,114966,2,2,2109,33.42238637123424,-111.99356694707686
2940,581 Wall Way,sold,292864,2,2,1898,33.46315706826333,-112.23969320960157
2941,401 Walnut Trl,sold,108474,3,2,1200,33.408855302239395,-112.27572581313967
2942,773 Bush Wl,active,142997,5,2,2376,33.46510143775939,-112.06741015256387
2943,593 Texas Rd,pending,138646,3,1,2815,33.37942251546476,-112.11804433318346
2944,631 7th Blvd,active,218358,3,3,1573,33.59138579656266,-112.02994481977977
2945,127 Post Blvd,pending,205165,2,3,1044,33.54956965428502,-112.13914548064773
2946,515 Texas Vis,sold,152566,3,3,1535,33.393789164081994,-112.24908651668694
2947,256 Page Ave,pending,257840,2,3,2036,33.45254873007744,-111.95754235534173
2948,790 Mission Wl,active,259703,2,3,3960,33.4850473745601,-112.1273120891569
2949,662 3rd Pl,pending,254708,3,2,3465,33.42640672454428,-112.05531545058241
2950,245 Sutter Wl,active,284859,5,3,1270,33.48510232140584,-111.9794267892432
2951,302 Sutter Blvd,pending,272057,4,1,3586,33.53383882915283,-112.07038607879349
2952,195 Texas Vis,active,141799,2,1,3761,33.571751895598716,-112.29840690816653
2953,466 1st Blvd,active,187075,2,2,2222,33.38673862396667,-112.33912197972523
2954,427 Blake Rd,active,239968,4,2,3392,33.4781039804519,-111.95626741289605
2955,724 Franklin St,pending,295883,2,1,2569,33.54462306063974,-112.2470148140715
2956,198 Post Dv,sold,217803,2,1,3482,33.41563292569267,-112.26667643327116
2957,563 Euclid Cir,active,215068,2,1,2947,33.50198930698934,-111.9176476872219
2958,262 Euclid Pl,active,100617,5,2,1075,33.49936039908813,-112.25511018384803
2959,632 Page Vis,pending,180305,4,3,3491,33.48048837089899,-112.14855590338807
2960,175 Bush Way,active,183344,5,1,3679,33.52751915775282,-112.09809764752733
2961,269 Turk Pl,pending,248869,2,3,3014,33.52222183942448,-112.33377774245194
2962,633 Post Vis,active,250519,3,2,3124,33.44610392747666,-111.97041315186473
2963,400 Bush Pl,pending,184059,3,2,2728,33.39777781906318,-112.29754593665946
2964,794 5th Dv,active,164597,5,2,3053,33.404156375304666,-111.95245892198434
2965,392 Franklin St,pending,104646,2,3,1963,33.41562545620867,-112.29612716766263
2966,360 Wall Vis,pending,147300,2,2,2508,33.45528589185471,-111.91431226882084
2967,270 1st Pl,sold,297928,2,1,2696,33.42734125962931,-112.00249184688022
2968,699 Turk Trl,pending,172509,3,2,3251,33.417119343118756,-112.07941952335467
2969,637 Pine Dv,active,148690,5,3,3833,33.46964542334593,-112.16352982443226
2970,333 Texas Way,active,111131,2,1,1165,33.397303971989814,-112.17333656488444
2971,26 Walnut Way,pending,247168,4,1,3644,33.468397822959105,-112.31325596378427
2972,315 6th St,pending,158219,4,1,3137,33.39203785539749,-112.0787800067006
2973,697 1st Wl,active,103008,5,3,1955,33.362134546147324,-112.10212825712276
2974,782 9th Rd,sold,247947,4,1,2210,33.47430296460653,-111.92113695393273
2975,143 4th Blvd,pending,203846,4,1,2941,33.37010124752646,-112.14267043333254
2976,245 Walnut Rd,sold,234585,2,1,3680,33.37170625256142,-112.03330107764516
2977,396 Wall Dv,sold,213614,5,3,1179,33.379998454335116,-112.02364308656708
2978,141 Walnut Cir,sold,142942,3,3,3657,33.489806479119075,-112.23278835866071
2979,418 Indiana St,pending,255008,2,3,2360,33.45342749271301,-112.32459929711708
2980,423 Euclid Vis,active,171206,4,3,2080,33.433827396862654,-111.88250957844178
2981,476 Wall Ave,sold,292564,5,1,1286,33.416020826086054,-112.22801120174816
2982,686 Franklin Dv,pending,226298,3,2,2581,33.51201940704716,-112.33886289014346
2983,91 Turk Wl,sold,137051,4,2,3211,33.36557354483178,-112.30834454951543
2984,509 Blake Cir,sold,248769,3,2,2512,33.56055053069273,-112.09648414284682
2985,685 8th Wl,active,185972,4,1,3508,33.48726244171834,-111.90490499465777
2986,578 Post Way,active,289951,3,3,3683,33.36643817275107,-112.07207634379046
2987,792 3rd Dv,active,251172,3,1,2983,33.510019399058464,-112.043051225232
2988,651 Texas Wl,active,227285,2,1,1563,33.47545578723307,-112.03518361774857
2989,626 Walnut Ave,pending,254088,3,1,1297,33.553587450993064,-112.14648217429512
2990,711 Euclid Rd,sold,172200,5,2,3953,33.43137206221822,-112.24240428881134
2991,164 Pine Way,pending,100044,5,3,2696,33.52267340771452,-112.22226901181912
2992,770 Wall Wl,active,248377,3,1,1679,33.4244769459859,-111.93145633765604
2993,68 3rd Dv,sold,189098,2,3,3336,33.57153194293211,-111.87357628779803
2994,116 Pine Pl,sold,137499,4,3,1249,33.529977696860264,-112.3546696463182
2995,785 4th Pl,pending,209230,3,3,3973,33.462992026505965,-111.95768840652191
2996,241 Indiana Ave,pending,167349,5,2,1889,33.37042805883874,-112.13560843095668
2997,466 Pine Blvd,pending,210093,4,3,3886,33.58561607064449,-112.26850410101586
2998,40 Euclid Wl,sold,275072,3,2,3469,33.55974335805276,-112.10290682844622
2999,391 Mission Ave,active,241608,5,3,1055,33.43065588918254,-112.26047237247674
