4000,681 Geary Pl,sold,251386,2,1,2852,33.497226263963476,-112.1691445560703
4001,565 California Wl,pending,198787,4,3,2669,33.48925813615511,-111.90984262214982
4002,133 1st Ave,sold,261196,4,1,2052,33.38769982823818,-112.34143814157018
4003,647 6th Rd,active,202227,3,3,3687,33.455184078710225,-112.11662943160295
4004,264 Mission Pl,pending,121728,5,3,2434,33.518160228906574,-112.00084061810163
4005,507 Walnut Rd,pending,231062,3,3,1983,33.50559413848436,-111.94137786845604
4006,276 Turk Way,pending,113450,3,1,1071,33.376120993338425,-112.21667717053003
4007,794 Sutter Way,pending,276986,5,3,1036,33.53457790235118,-111.98747136202124
4008,21 Euclid St,active,277305,3,1,3851,33.537238667935185,-112.2086870437094
4009,699 Turk Cir,sold,164043,2,3,3767,33.48446741679421,-112.29137633948564
4010,403 California Ave,active,154088,2,2,3271,33.58443051037006,-112.08664656023603
4011,90 Wall Way,pending,142061,2,1,1448,33.552432359096976,-111.96968195876616
4012,771 2nd Pl,pending,202905,2,2,2652,33.388440764502064,-112.33716009465643
4013,769 Turk Blvd,sold,133428,5,2,1074,33.407490680377094,-112.18277875417566
4014,138 Texas Trl,active,286474,2,3,1763,33.47664609892358,-111.87272508774166
4015,44 1st Trl,sold,217792,4,3,3037,33.37866017995576,-112.20109207900825
4016,375 Euclid Cir,active,247787,5,2,3959,33.57158273733711,-112.13345773450776
4017,407 Sutter Way,active,168560,4,3,2583,33.37559143045986,-112.12843641024266
4018,123 5th Dv,active,143307,3,1,3119,33.39136594195089,-112.24546830085876
4019,241 Pine Wl,active,133508,2,2,1574,33.511497165303865,-112.20014271850017
4020,164 Pine Ave,pending,186298,5,3,1120,33.5132269993648,-112.16822410652611
4021,363 2nd Dv,sold,198287,4,3,1775,33.5429598560328,-112.23346119654919
4022,163 Blake Ave,active,130639,5,2,2625,33.523997231650135,-112.10218246956765
4023,103 Pine Trl,pending,279570,3,2,3989,33.50685089354685,-111.96854017862456
4024,551 Mission Ave,pending,237092,4,1,3137,33.40548734889433,-112.20463264068387
4025,644 Turk Vis,pending,147749,4,1,3668,33.40184339483568,-112.31090134178748
4026,795 California Dv,pending,214248,5,1,1059,33.55942488770455,-112.02805229497697
4027,282 4th Trl,sold,251409,3,1,3651,33.402637592884396,-112.25502081039907
4028,620 Blake Dv,sold,218119,5,3,2847,33.51984929432701,-112.12752431786409
4029,680 6th Trl,pending,281390,3,3,3573,33.452215736653606,-112.0191549059837
4030,319 Turk Vis,active,228028,5,1,3402,33.43197699494708,-112.35908292621271
4031,705 Franklin Wl,sold,240126,5,3,3134,33.46777214366942,-112.08530228141193
4032,364 8th Blvd,sold,255227,3,3,1910,33.44568731616209,-112.19777601555374
4033,363 Pine Wl,active,283905,3,1,2412,33.535431805349496,-112.06662805076422
4034,397 Geary Dv,active,209632,4,3,3113,33.58460713396566,-112.05213552924627
4035,85 5th Ave,pending,111180,5,3,3737,33.570396295184395,-112.01227402802938
4036,48 Bush Dv,pending,136442,3,1,1191,33.417365372657684,-111.89006979097543
4037,534 Page St,sold,171504,4,2,2340,33.36370413956196,-112.24268275995301
4038,612 Geary Vis,sold,248113,3,3,2584,33.46346332317066,-112.01514997627484
4039,608 Post Ave,active,184847,4,3,3501,33.482664130863625,-112.19616747884801
4040,677 6th St,active,226280,5,1,2209,33.582041205995544,-112.20858368972607
4041,704 Franklin St,pending,190611,2,1,3049,33.47053273507263,-112.35001075524914
4042,45 6th St,active,148987,4,2,3897,33.57608354795944,-112.250034798334
4043,788 Wall Wl,pending,188573,2,2,3028,33.37444515779071,-112.27750324653411
4044,693 2nd Blvd,pending,165377,3,3,3393,33.574137892356156,-112.35536890482959
4045,590 5th Vis,active,174517,5,2,3157,33.36494949628005,-112.10054359452832
4046,712 Sutter Ave,pending,295499,4,1,3966,33.57533879454344,-112.18496457031385
4047,205 Sutter Way,active,257040,5,1,2364,33.49730029392769,-112.30497226993808
4048,129 Turk Wl,active,207332,5,2,3043,33.55356599744176,-112.03671864268216
4049,47 7th Pl,pending,250315,2,1,1151,33.584412759560784,-112.35379641805036
4050,601 3rd Way,pending,268254,4,1,1152,33.52129545207827,-112.02798952359541
4051,426 6th Pl,active,262534,2,1,3767,33.45458659026971,-112.05253689132313
4052,160 3rd Blvd,sold,142123,2,3,2941,33.436441446193115,-111.87803539607361
4053,190 Walnut Trl,sold,132751,2,3,2091,33.362149839622646,-111.97424781928636
4054,612 3rd Blvd,sold,213132,4,3,1427,33.37062483149289,-112.15948920338701
4055,389 Blake Pl,active,204528,5,2,1783,33.401443658954896,-111.88074761187727
4056,569 3rd Wl,pending,250003,4,2,2154,33.44286038866231,-112.26806425472346
4057,467 California Way,sold,259987,5,3,2531,33.54801070521738,-112.1654279448439
4058,542 Franklin Blvd,pending,149031,3,3,2671,33.55021457289045,-112.10794230140331
4059,739 8th St,active,299600,5,2,1676,33.46107849567186,-111.95247584032153
4060,366 Bush Dv,pending,242904,5,1,2545,33.44538684332843,-111.93363612209181
4061,755 Bush St,pending,214401,3,2,3733,33.48857631584321,-111.90886617099646
4062,517 4th Pl,pending,176239,5,2,3341,33.592536337743304,-112.29598313647716
4063,761 Franklin Way,pending,299694,2,1,3816,33.52868714472574,-112.16727695789626
4064,55 2nd Ave,sold,197020,3,1,2337,33.446238424748174,-112.34385109966823
4065,718 Pine St,active,280051,4,1,2649,33.478115385007534,-112.20466638695594
4066,447 6th Wl,sold,138686,2,1,2006,33.42804778729377,-112.05164180864377
4067,262 5th Ave,active,180744,4,1,1432,33.45364146228475,-112.19607207158185
4068,503 8th St,sold,178449,5,1,1666,33.4929430826912,-112.20548246102918
4069,392 2nd Trl,pending,181349,4,2,3716,33.476501161400925,-111.96373163112945
4070,687 Sutter Trl,pending,254082,4,3,1704,33.51442681550783,-112.35610223461161
4071,664 Franklin Ave,active,114861,2,1,2632,33.36387961421348,-112.02213509909318
4072,552 5th Blvd,sold,241997,3,1,3677,33.52865823818602,-112.15986368712491
4073,415 Euclid Pl,sold,122086,2,1,1231,33.576371429383855,-111.98537922336375
4074,681 1st Vis,sold,218518,3,1,3868,33.504744313705395,-112.0197068649511
4075,204 9th St,pending,147445,4,2,2703,33.36734847750624,-111.93610309817981
4076,384 Geary Way,pending,283857,3,3,1420,33.446625216641706,-111.87860873322865
4077,53 1st Blvd,pending,247069,4,3,2123,33.41801380340268,-112.28484642577628
4078,246 Blake Cir,pending,181864,2,1,2663,33.55811928890416,-111.9098911252287
4079,311 Blake Trl,pending,199199,3,1,1033,33.45350207077567,-111.98784458239349
4080,710 Walnut Cir,active,244794,2,3,3521,33.39447896744027,-112.26084408198423
4081,40 2nd Ave,sold,232626,2,1,1610,33.49313147196642,-111.95230351016673
4082,197 Pine Trl,active,175955,3,2,2197,33.514145885443796,-112.08125344964293
4083,585 Pine Rd,active,153565,3,1,3517,33.538526612911284,-112.16366565982418
4084,354 4th Way,pending,250264,2,3,1345,33.57257076051592,-112.15737367272719
4085,560 7th Cir,active,238014,3,3,2981,33.43743322189563,-112.22872128624117
4086,793 California Blvd,sold,131516,5,3,3748,33.53559029248123,-112.08804478156546
4087,378 Sutter Wl,active,279212,2,3,3191,33.470369841346006,-111.87463994114476
4088,661 Mission St,sold,217087,4,1,2601,33.56548251940294,-112.18487481740219
4089,507 2nd Ave,pending,162886,4,2,2890,33.53478364382179,-112.15858755611373
4090,748 8th Blvd,pending,298051,5,3,2054,33.57734366678989,-112.08160876344337
4091,582 Wall Vis,active,145973,3,1,1500,33.48575167484332,-112.27256728241912
4092,244 Franklin Wl,active,178024,3,3,3154,33.47607829098919,-112.26015429046878
4093,38 3rd Dv,sold,255549,2,3,3474,33.55122237796323,-112.07371510099682
4094,410 7th Ave,pending,229012,5,1,2155,33.53456871573848,-111.98293797522143
4095,674 Bush Trl,pending,181672,4,2,3768,33.44638061408571,-111.91769633511024
4096,187 Turk Pl,pending,249189,3,2,3225,33.36363227158586,-112.19825328489668
4097,182 Page Blvd,active,110319,4,2,1911,33.57692917383632,-112.33605991683066
4098,342 Turk Rd,active,264269,3,1,2078,33.40172311023776,-112.28031716461892
4099,637 Euclid Blvd,pending,294094,4,2,2024,33.42043479625949,-112.35017110853174
4100,722 Geary Rd,sold,140139,5,3,1506,33.50067228055948,-112.23402567916654
4101,612 Indiana Way,pending,207817,5,2,2119,33.40228663162057,-112.2337297863
4102,565 6th Dv,active,159354,5,1,3342,33.50854679940352,-111.9381891664632
4103,735 Geary Way,pending,282147,4,3,2742,33.592234914000414,-111.929586825971
4104,100 Walnut Dv,sold,171942,4,1,2970,33.51210486703533,-111.98937233859088
4105,282 5th Rd,pending,279938,4,3,2306,33.54642831136528,-111.96754540954211
4106,618 California Trl,active,135973,5,1,2508,33.473782231238445,-112.10355718782502
4107,127 California Ave,active,278481,3,2,2437,33.4206033044776,-111.95730506482312
4108,557 6th St,active,241669,4,3,3609,33.44337116540282,-112.22566973376624
4109,662 Mission Dv,sold,273791,3,2,3129,33.52682912824164,-112.08193299970752
4110,546 4th Cir,active,249542,2,1,3880,33.57541838965871,-111.89398789714144
4111,487 6th Wl,sold,134229,4,2,2523,33.39906526160265,-112.17783602353981
4112,542 3rd Rd,pending,179057,3,2,2231,33.586547674564656,-112.1595481075006
4113,483 Pine Dv,active,299144,3,1,3628,33.530594408256356,-111.96072956429187
4114,657 Post St,pending,156620,4,3,2011,33.50738121405866,-112.35490265340607
4115,790 9th Cir,sold,298841,2,2,1852,33.48119633285927,-112.1262902660283
4116,155 Turk Rd,pending,243305,4,3,2524,33.42940760870921,-112.26408348492727
4117,639 Geary Blvd,active,249866,3,2,2234,33.5719693322247,-111.9900450459767
4118,256 Sutter Cir,active,127917,5,3,3222,33.455841223303985,-112.01618620816302
4119,474 3rd Vis,pending,214792,2,2,3876,33.56686875021288,-112.18378786042298
4120,478 Bush Dv,active,176956,3,1,3106,33.411933851292694,-111.92979054497138
4121,56 Page Cir,active,168808,5,1,3684,33.447544309490446,-111.87738375558064
4122,243 9th Blvd,sold,270506,4,1,1795,33.40597020260859,-112.29608471000472
4123,782 Page St,active,154030,4,3,3516,33.51571191217917,-112.31367412472659
4124,680 Sutter Pl,pending,244526,5,2,2259,33.45514580965113,-112.16054758314722
4125,440 Geary Rd,pending,246956,2,3,1704,33.39193866535597,-112.17968078992553
4126,323 Post Way,sold,173824,3,2,2162,33.45554919387783,-112.13960142487971
4127,453 5th Dv,pending,293744,2,2,2925,33.549278246075374,-111.94391683742288
4128,121 Mission Trl,active,252858,5,2,2779,33.44782993323556,-112.06564604793411
4129,752 2nd St,active,201937,5,3,1721,33.53877373979777,-112.14017907399771
4130,423 California Vis,sold,272259,5,2,1863,33.58688725433883,-111.88319972374663
4131,457 Pine Rd,sold,117902,3,3,2033,33.461574593584736,-112.18787951687848
4132,403 Wall Rd,active,179493,2,2,3950,33.50897531031184,-112.2780802201303
4133,469 7th Rd,sold,260017,4,2,1368,33.400098192266974,-112.28159180199846
4134,408 Euclid Wl,active,132511,4,2,1811,33.41563311594157,-112.0189873717804
4135,672 California Trl,active,157725,3,1,3247,33.508617209893124,-112.07378936372982
4136,173 4th Vis,active,168131,5,3,3707,33.37180353707522,-111.89078222479573
4137,398 1st Cir,pending,264593,2,2,3596,33.43390661899153,-112.01536041827534
4138,610 Indiana Dv,active,185272,4,1,2476,33.56529614115495,-112.11592717539295
4139,621 Texas Dv,active,283377,2,3,1367,33.37950432409806,-112.34226677682912
4140,590 Franklin Wl,sold,249596,3,2,3530,33.4417509774853,-112.31255213918925
4141,220 California St,active,268951,3,2,1586,33.398882241673206,-112.04137178780032
4142,85 3rd Cir,sold,220624,3,3,1115,33.44190277631422,-112.1156274264119
4143,112 Geary Way,sold,275594,4,3,3856,33.418438441034446,-112.12089738993048
4144,122 2nd Dv,pending,281623,3,2,1895,33.39831969119391,-112.03236796157867
4145,187 Page Ave,active,157313,3,1,3148,33.50701305951582,-112.23011799568174
4146,146 Geary Ave,sold,200458,4,1,3770,33.514905911620964,-111.96213227952241
4147,444 6th Rd,pending,150980,3,2,2402,33.56266662432541,-112.3456761322731
4148,559 Blake Dv,active,179484,5,2,3583,33.39089469030659,-111.93535480039426
4149,440 4th Rd,pending,298912,3,2,1580,33.444138090058104,-112.15995532621201
4150,46 Post Wl,pending,195706,2,3,2649,33.42926178079797,-112.11552942262469
4151,678 9th Ave,active,288840,4,2,3481,33.49988705056942,-111.94663008403633
4152,109 Mission Rd,sold,109603,4,2,3245,33.45977812045984,-112.2459375954926
4153,379 Texas Dv,active,155398,3,2,3645,33.39901681943596,-111.93033848013256
4154,224 5th Rd,pending,235408,2,3,2173,33.58228066811144,-111.88697072250625
4155,742 Blake Way,pending,249894,4,3,1081,33.55357786318357,-112.22162097188487
4156,711 Euclid Pl,sold,123832,3,1,2621,33.40772457751632,-112.0942007672959
4157,80 9th Cir,sold,230244,2,3,1482,33.56461794808363,-112.25838526534065
4158,354 3rd Rd,pending,174719,4,1,2213,33.47632742006583,-112.08421354527398
4159,167 Blake Vis,pending,264698,4,2,2090,33.372836509562504,-111.87844038658596
4160,491 Page Cir,active,150917,4,2,1736,33.55669656897758,-112.0508021189912
4161,558 Geary Trl,pending,163918,5,2,1534,33.44954220811006,-112.2964184855732
4162,27 Walnut St,pending,281846,4,2,1238,33.410121560470394,-112.3245317734448
4163,20 Page Trl,pending,147586,4,1,1644,33.430249611756864,-112.33530817972975
4164,612 Franklin Cir,sold,242167,4,3,2216,33.40178279022579,-111.87867470173778
4165,545 Turk Blvd,pending,202798,2,1,2637,33.48873823750326,-111.98271496006262
4166,503 Wall Cir,active,241882,4,1,2410,33.364522886535134,-112.34864155937488
4167,608 7th Way,pending,260559,4,3,1118,33.384498018258306,-112.15594146980224
4168,377 8th Vis,sold,220179,4,2,1997,33.440287495003744,-111.90585489861718
4169,730 Bush Cir,pending,127899,2,2,2180,33.59123366775728,-112.25735198100533
4170,567 Page St,sold,189552,3,1,3172,33.478382372854796,-112.28886628251503
4171,345 3rd Dv,sold,161361,3,3,2258,33.52896782501346,-111.90916850727366
4172,697 2nd St,pending,246144,5,3,1992,33.49511037647746,-111.94381444438774
4173,36 6th Wl,sold,221587,3,1,2215,33.3945248590206,-112.33957153654111
4174,452 9th St,sold,215184,4,2,1880,33.47943809585599,-112.15128685408735
4175,781 Turk Way,active,125624,5,3,1230,33.37732714102509,-112.34831896367334
4176,352 Turk Trl,sold,138615,4,2,2629,33.42095263642885,-112.30779370976687
4177,30 Walnut Cir,active,282754,3,2,3699,33.50186755561826,-112.26698913731805
4178,771 Turk Way,active,239057,3,3,1267,33.580472589056534,-112.33466366131404
4179,649 Post Dv,active,267681,5,2,3372,33.376860945782205,-112.09041317464903
4180,578 Bush Pl,sold,218470,3,3,1328,33.5232265549926,-111.89290777474088
4181,761 Page St,pending,173932,5,1,1255,33.439597608186354,-112.18972184859722
4182,391 8th Dv,pending,249664,4,1,3299,33.59408642047,-112.08751996198346
4183,352 2nd St,active,221836,3,3,1335,33.5911630517713,-112.07754195489973
4184,461 5th Dv,pending,293053,2,3,1003,33.5097104525143,-111.89961962539395
4185,483 California Rd,active,144384,5,1,2970,33.51406004172346,-112.26475546467424
4186,681 Mission Ave,active,141372,3,3,2642,33.55876992476088,-112.00593182758873
4187,230 9th Cir,pending,124806,5,2,1132,33.502127313034535,-112.31361320232088
4188,58 4th Way,sold,172864,4,3,2352,33.418057187238254,-112.10381859963353
4189,528 1st Cir,sold,275485,4,2,1636,33.43145094792548,-112.15443400567429
4190,783 Texas Way,pending,274897,2,1,1665,33.50840423949917,-112.09123427255894
4191,57 Bush Dv,pending,230390,5,2,2414,33.50801596586657,-112.03397221104584
4192,291 Texas Trl,active,241153,3,3,3735,33.44677724474832,-111.93256510974422
4193,204 2nd Rd,pending,275456,3,1,3183,33.366651874520294,-112.33118272338871
4194,54 6th Pl,pending,181582,5,2,1973,33.53841661300567,-111.87829694279066
4195,421 Geary Trl,sold,205845,4,2,3998,33.41647298533041,-112.18490280909731
4196,47 Euclid Blvd,pending,285225,5,3,2922,33.59093707098802,-111.98469726195458
4197,209 Blake St,active,253859,5,3,1032,33.48205861189152,-112.29406254061976
4198,755 Post Ave,sold,170886,4,1,3867,33.37573703101624,-111.89860124612264
4199,775 Pine Way,sold,219910,5,3,3211,33.36416222833539,-112.03916391930633
4200,225 Sutter St,sold,213123,3,3,3020,33.363323175075756,-112.25110791353484
4201,59 Mission Way,active,207949,3,2,3279,33.54966633612216,-112.27501417172704
4202,163 Turk Blvd,pending,278208,5,1,2484,33.4998879134189,-112.3199200678499
4203,538 Franklin Ave,active,107190,5,1,2978,33.509497906842455,-112.20616159618285
4204,121 Indiana Ave,pending,111687,5,1,2301,33.49122065080103,-112.2900374634517
4205,64 California Pl,active,232162,5,1,2150,33.561935889550874,-111.98606048774825
4206,622 7th Wl,sold,103497,2,1,1107,33.44425527936336,-112.02475565949855
4207,293 Franklin Wl,pending,187584,4,3,3655,33.366607257985436,-111.98968100675832
4208,699 5th Dv,sold,175183,4,3,1676,33.39539642188461,-111.90927476493087
4209,588 Page Wl,sold,235465,4,1,1136,33.443333493913336,-111.98735383415925
4210,499 2nd Rd,pending,294812,5,1,1680,33.524796712117116,-112.27749700157834
4211,436 Franklin Way,pending,216659,3,2,1180,33.42401582607007,-112.29320878667517
4212,320 4th Way,active,264126,3,1,2307,33.55820980146594,-111.92558182320072
4213,676 Blake Ave,sold,137477,5,2,3699,33.48926289298911,-112.32179536356452
4214,391 1st Trl,active,218367,3,1,1357,33.50178896656924,-112.29109685137394
4215,612 Post Trl,sold,160488,3,1,2806,33.44421015347053,-112.33633005814309
4216,506 Pine Ave,sold,238491,5,2,3027,33.59093592578681,-112.15276568794194
4217,507 Page Pl,active,190795,5,2,1207,33.56469124626685,-112.14841694776949
4218,634 Pine Blvd,active,277170,5,3,2887,33.383716048074135,-111.87959341540788
4219,560 9th Wl,sold,256759,5,1,3317,33.50098374280162,-112.22956010517277
4220,122 Sutter Vis,active,266002,4,3,1748,33.49509025927315,-112.01222717024937
4221,226 2nd Ave,active,100556,3,1,3762,33.42035760839457,-112.14993855828575
4222,347 Franklin Way,pending,100466,5,1,3285,33.55503631371741,-111.91464123822514
4223,103 4th Ave,active,231854,4,1,1790,33.4495186735706,-112.2261911162974
4224,606 1st Ave,sold,117360,2,3,3852,33.37578540489846,-112.14928258291056
4225,28 1st Dv,sold,170339,3,1,3040,33.52569338254067,-112.34843040417489
4226,44 4th St,sold,153034,3,2,3590,33.362172903776944,-112.31206910791009
4227,38 Sutter Blvd,active,184911,4,3,1237,33.50290711745382,-112.31032939780843
4228,497 Euclid St,active,163014,2,2,1900,33.437882913198195,-112.23951154999347
4229,203 Post Rd,pending,249770,3,1,2926,33.52534449952256,-111.96480907628012
4230,579 Mission Trl,sold,255893,2,1,1000,33.38935573770399,-112.08821280896301
4231,77 4th Pl,sold,299990,4,3,2015,33.58325830256096,-112.02322635528387
4232,359 Bush Dv,sold,179765,4,1,1109,33.361950491019954,-111.9465785310159
4233,479 Pine Way,sold,181671,2,1,2687,33.5539618665436,-112.27524635427818
4234,274 8th Blvd,active,272031,3,3,1877,33.58548366174083,-111.93732521623339
4235,730 Texas Ave,active,196168,4,1,1071,33.428731799953304,-112.21601952287722
4236,59 Pine Rd,pending,164904,4,3,2897,33.446643767998296,-112.31768331667323
4237,796 5th Blvd,active,235634,3,2,2663,33.39361346037326,-112.19509000829862
4238,247 Mission Vis,active,227132,2,1,3116,33.38195809339037,-112.33423369413579
4239,243 Wall Dv,pending,111725,3,1,1389,33.401253838134274,-112.03727444225854
4240,596 6th Pl,sold,193051,2,1,3039,33.564284061449825,-111.99321063575255
4241,191 4th Pl,sold,207785,3,3,3327,33.50886557263167,-111.96399766187682
4242,389 3rd Dv,sold,264001,3,3,3146,33.50858514120348,-112.06730192433537
4243,158 Blake Dv,active,132912,5,2,1949,33.42160743072657,-112.15570448899808
4244,304 Euclid Ave,sold,240043,3,2,2837,33.39913725761301,-112.36053161502815
4245,86 5th Wl,sold,126497,5,3,2621,33.45658227344872,-112.23347240473247
4246,761 Mission Pl,pending,153856,2,3,1982,33.531110385278005,-111.94665115870245
4247,291 Indiana Wl,active,178884,3,1,2846,33.53878831738433,-112.11202702267707
4248,335 Turk Ave,sold,248811,4,2,2902,33.53679425598426,-112.00590888335317
4249,94 California Rd,pending,258921,4,2,2148,33.461402772763776,-112.14500003483137
4250,514 6th Dv,active,267477,2,2,2787,33.402115519681715,-112.31052695741207
4251,596 4th Wl,sold,296896,4,2,2843,33.58540295235722,-112.16274371371667
4252,736 5th Blvd,active,238768,3,1,1125,33.519940737180214,-112.18922347699359
4253,476 9th Rd,sold,204214,5,2,1252,33.490696035643886,-112.15048368759071
4254,378 4th St,sold,100164,4,1,3571,33.53096264210656,-111.95817332140477
4255,754 Texas Dv,sold,168418,5,1,2528,33.52373385878338,-112.30631837037528
4256,282 8th Ave,pending,134086,3,2,3936,33.494995736170324,-112.31916539430988
4257,755 Walnut Blvd,pending,261189,3,1,2878,33.47924458656695,-112.1388860959045
4258,94 Blake Blvd,active,107520,5,1,3961,33.572066518075026,-112.35336686952118
4259,216 Blake Pl,sold,254818,3,3,1096,33.466509714427104,-112.3133569656024
4260,616 9th Rd,active,260326,3,3,3012,33.55016228635992,-112.18458289235798
4261,100 6th Ave,sold,251938,5,3,2741,33.553183303367135,-111.96637108960944
4262,769 1st St,pending,225302,5,2,2211,33.40650029693311,-111.88932978699441
4263,181 2nd Wl,pending,109825,3,3,3675,33.43889585771881,-112.16733256303226
4264,692 Turk Blvd,sold,140784,2,2,2353,33.40926846009766,-112.26894366961159
4265,536 5th Rd,sold,235712,3,1,2193,33.48897393873644,-112.175129339064
4266,515 Euclid Trl,sold,168975,2,1,3123,33.50062039482207,-112.28964737164759
4267,161 Bush Cir,sold,238538,3,2,1836,33.37827286048096,-112.15954949643812
4268,87 2nd Blvd,sold,261445,2,2,1024,33.37618583678614,-112.35684773139286
4269,108 1st Rd,sold,102078,5,2,1269,33.53363001880307,-112.11198728254638
4270,363 1st Vis,pending,113615,2,1,2621,33.57219862628486,-111.89475227910334
4271,580 Post Dv,sold,123502,5,2,2708,33.56190977164004,-112.2727218474896
4272,428 Page St,pending,190352,5,3,3614,33.55403883975941,-112.02608098978588
4273,419 2nd Blvd,active,259061,3,1,1824,33.49454299361627,-112.28529099291421
4274,24 Franklin Wl,sold,109317,3,1,2225,33.38451922583803,-112.31084425473038
4275,35 Turk Way,active,150162,4,2,3147,33.4469979587908,-112.09347753874447
4276,44 Sutter St,active,143581,3,3,1690,33.40125004110925,-112.16164832471044
4277,667 9th Pl,pending,212966,3,1,2984,33.46523130016306,-112.06725028762327
4278,246 Wall Trl,pending,202739,2,3,3917,33.41705590767671,-111.89464325178616
4279,771 Blake Pl,pending,209187,2,2,1094,33.52374498383299,-111.94194190080779
4280,382 2nd Wl,active,226290,4,3,2558,33.394538798966245,-112.30129414107462
4281,44 Turk Pl,sold,294062,5,2,2453,33.42868930971237,-112.26410141143232
4282,309 Turk Ave,active,270787,3,2,2530,33.535793506046524,-112.24923730881933
4283,645 Turk Wl,active,108023,5,3,2583,33.59368669772989,-112.31322868507456
4284,336 Geary Trl,pending,289994,3,3,3801,33.53352456774631,-112.2266213749597
4285,184 1st Cir,pending,241230,4,2,1212,33.47207373094722,-112.23681057317759
4286,563 Franklin Blvd,active,132332,3,1,3291,33.59033182403094,-112.14663476347869
4287,470 Bush Rd,active,190125,4,2,2407,33.52668536124809,-112.1545865565202
4288,599 Indiana Ave,sold,214545,2,2,2105,33.51951951168091,-111.9639023541716
4289,516 6th St,pending,120698,3,2,2039,33.42145299603308,-112.3148547414397
4290,328 6th Cir,sold,163353,5,3,1577,33.36952307324738,-111.94644429318036
4291,343 Mission Dv,pending,140361,3,3,1464,33.553675148471854,-112.21910090846596
4292,47 Blake St,sold,211914,4,3,1284,33.48355505699304,-112.15451448507451
4293,500 Blake Way,active,113272,5,3,1105,33.45744567374817,-112.09805755711153
4294,770 Franklin Pl,active,246443,2,1,2687,33.5702012096337,-112.23748823791217
4295,157 6th Vis,active,119388,4,3,3643,33.51417684862212,-112.00185528839158
4296,621 6th Rd,pending,271730,5,1,2675,33.4293180644873,-112.34951270637616
4297,47 Texas Rd,pending,213404,4,3,2012,33.42747874545863,-111.91219294268215
4298,43 2nd Ave,pending,291763,3,1,3663,33.472156267313615,-112.10835519508493
4299,433 Euclid Vis,pending,223196,3,2,1293,33.4267815920129,-112.06352099552635
4300,339 Bush Blvd,pending,297124,3,1,2942,33.41337523738288,-111.91685673013828
4301,477 Pine Pl,pending,148410,5,1,2260,33.58344615270226,-112.24635044145175
4302,82 Wall St,pending,278477,5,2,1476,33.42664665104843,-112.20694358209596
4303,524 5th Way,sold,201072,4,3,3205,33.4705201373946,-112.31895644432674
4304,10 6th Blvd,active,256065,3,3,3710,33.575390053272855,-112.0332189336982
4305,481 Pine Vis,sold,266598,4,2,2564,33.38023181991775,-111.9616799688794
4306,744 Walnut Way,pending,208740,4,1,3437,33.548936236284995,-111.93282763931695
4307,520 Bush Pl,active,209341,3,2,3012,33.39140156217655,-112.29701955457134
4308,71 7th Cir,active,227568,4,2,2549,33.55522046195434,-112.25504868637346
4309,297 Indiana Vis,sold,209106,5,3,3022,33.38988199370927,-111.9632861005602
4310,783 Franklin Dv,active,103659,2,3,1714,33.546090123031306,-111.93880526214173
4311,232 9th Wl,sold,190306,2,3,2611,33.56327777975363,-112.26207502179714
4312,762 Wall Dv,active,234650,3,2,3230,33.36210399125616,-112.32387959839222
4313,512 Blake Ave,pending,186405,2,2,3066,33.59375414657312,-111.97408014223289
4314,441 3rd Trl,sold,245368,2,3,3337,33.5261327665328,-111.91477300609723
4315,652 3rd Blvd,sold,200581,5,3,3372,33.56997954802368,-112.28232898677723
4316,64 Geary Rd,pending,233697,3,2,1269,33.38225307562499,-112.32496467431076
4317,236 9th Trl,sold,119538,4,2,2779,33.564112508049725,-112.12645940177676
4318,438 3rd Ave,pending,153196,3,2,3586,33.47044409774146,-111.95472981102947
4319,17 Bush Way,sold,241956,4,2,1056,33.42629344527018,-112.26515380804882
4320,450 Post St,sold,209695,3,2,2232,33.54696885251787,-111.99200285553844
4321,747 3rd Pl,pending,157521,2,3,1982,33.38091787134054,-111.9909224339098
4322,772 8th Blvd,active,265295,3,3,1897,33.41442098161469,-112.20158152683257
4323,621 8th Way,pending,192128,3,3,2793,33.5229881534401,-112.05149156903894
4324,26 8th Pl,pending,135343,4,2,3016,33.467877615473384,-112.34869264243922
4325,117 Turk Dv,sold,110754,5,1,3902,33.469207267241046,-112.3185638720487
4326,490 Geary Cir,sold,179805,4,1,3870,33.56847819365169,-112.35686838700525
4327,291 Walnut Vis,active,287904,5,2,1831,33.46511346398552,-112.1213624856127
4328,417 3rd Way,sold,114787,2,3,1273,33.5901482823568,-111.87338037350928
4329,482 California Ave,sold,296439,4,1,3296,33.46126127504803,-112.2910101423472
4330,400 Euclid Wl,active,293314,2,3,3603,33.52098159538989,-112.33016731173007
4331,170 9th Cir,active,249511,3,3,1197,33.42449694928503,-111.97552101073998
4332,120 6th Rd,sold,187233,3,2,1012,33.54888902489981,-112.18424357851478
4333,489 2nd Rd,sold,169229,4,3,1939,33.38781245680601,-112.12490493790266
4334,145 Post Wl,sold,253586,3,3,3127,33.399844209358,-111.90867256451658
4335,772 4th Wl,pending,228680,3,1,3735,33.38642432097678,-112.02630581578808
4336,480 9th Trl,pending,126001,4,2,1898,33.545894072098584,-112.11835300856482
4337,71 Blake Blvd,sold,281744,4,2,2913,33.48647749395004,-112.21981575813615
4338,691 8th Trl,active,110561,5,2,2984,33.5011332424227,-112.23108016153613
4339,232 5th Blvd,sold,258776,4,3,2550,33.50111171173141,-112.3226076963383
4340,43 Indiana Rd,active,173820,2,3,2863,33.455646559249594,-111.98247776530727
4341,408 Post Cir,active,194645,4,1,3234,33.56038775068276,-112.23114752725145
4342,417 Walnut Vis,sold,233375,5,3,3116,33.393603639167324,-112.11388669263229
4343,157 Wall Pl,pending,176923,2,1,3673,33.521775610454824,-112.18520934214806
4344,586 1st Dv,pending,273779,4,3,2077,33.39651771123032,-112.328462336583
4345,767 Mission Wl,active,201319,2,1,2705,33.4954094895187,-112.15497104925048
4346,682 Mission Ave,sold,247222,2,3,1288,33.36378334726446,-111.91658086296789
4347,270 Texas St,pending,198396,2,2,1843,33.42949542250698,-111.91114268215024
4348,224 7th Vis,pending,122464,4,1,1290,33.439836702411206,-112.12632411744829
4349,675 2nd Dv,active,167496,5,3,2206,33.53186267885811,-111.90565377994588
4350,580 1st Rd,pending,121945,4,3,1181,33.46818352528285,-112.23944907738596
4351,663 4th Cir,active,261053,4,1,3743,33.54444478798506,-112.33582465682942
4352,371 Pine Pl,pending,223746,3,3,2238,33.519165623735226,-112.29427643974728
4353,150 Euclid Blvd,sold,181308,2,3,3143,33.39357429698864,-112.29096010459764
4354,40 Bush Ave,active,109036,3,2,2647,33.55435911074623,-112.02407327351199
4355,512 3rd Blvd,sold,156029,3,3,3496,33.58846142689704,-111.93563685443716
4356,637 Euclid Blvd,sold,269938,2,3,1294,33.39419026195713,-111.9740109681641
4357,65 1st Dv,pending,206863,3,3,3163,33.400911736506224,-112.36069177410756
4358,89 7th Vis,sold,272615,3,3,2594,33.43651558658844,-111.8885653489321
4359,501 Pine Wl,active,122697,2,2,1433,33.39794299810652,-111.94827956245358
4360,596 Geary St,pending,127812,4,2,2451,33.54442886939838,-112.15859108118853
4361,87 7th Trl,active,132760,5,2,1310,33.429587307038425,-112.33665678368781
4362,180 Geary Ave,active,116652,3,3,1036,33.419394674617195,-111.99930817042527
4363,793 Post Blvd,pending,179972,3,3,3039,33.58452211376584,-112.22654990903445
4364,116 Sutter Vis,sold,100204,5,1,3770,33.4525388449486,-112.25223200475634
4365,436 Sutter Ave,active,251775,4,2,3187,33.48682471500367,-112.00360810492644
4366,688 3rd Vis,pending,268710,4,1,2156,33.445002534587466,-111.95178246229388
4367,55 Indiana Wl,sold,184507,2,2,2922,33.36806954329813,-112.33772753636228
4368,792 Blake Trl,pending,260783,5,2,3841,33.399176332461195,-112.29388911992831
4369,633 Walnut Vis,pending,192723,2,3,1324,33.54384909725026,-111.8921020234298
4370,363 Blake Wl,active,282462,4,3,3181,33.37162817609581,-112.01678117332544
4371,117 Page Ave,pending,227449,3,1,3638,33.44809902282839,-112.17439961922224
4372,314 Sutter Ave,sold,106347,5,2,1447,33.49313739286946,-112.10264945369877
4373,60 Bush Pl,active,290105,2,3,1268,33.538009123450465,-112.20336932897024
4374,419 1st Blvd,sold,128603,2,3,2929,33.54122366966217,-112.21766981706196
4375,173 9th Blvd,sold,155153,4,2,2195,33.54291601365903,-112.19628091780972
4376,598 Pine Blvd,pending,199240,4,3,1431,33.45598392087523,-112.26446711997178
4377,641 5th Dv,sold,255439,3,3,3607,33.54992019839172,-112.34219494505597
4378,488 Indiana Wl,active,121659,2,2,2939,33.455721327608984,-112.02705311778637
4379,734 Franklin Dv,active,289339,5,1,2269,33.49894787988379,-111.98784072953136
4380,491 Texas St,active,134796,5,3,3910,33.38164826862742,-112.13056444966982
4381,346 Pine Pl,sold,285608,5,2,3159,33.38231018138303,-111.89511147636364
4382,400 Turk Vis,pending,216114,3,1,3721,33.50800653334595,-112.06977008999226
4383,55 5th Vis,pending,284203,5,3,1266,33.366904099857365,-112.16799085689645
4384,292 Wall Vis,active,134707,5,3,1890,33.38839500160636,-111.93830169292066
4385,69 4th Pl,sold,156555,5,2,3805,33.455056968316434,-111.99292839849527
4386,472 6th Cir,sold,249074,2,2,2672,33.50731168969531,-112.25117071907995
4387,359 1st Way,active,170413,5,3,1272,33.414510596922256,-112.3326710323161
4388,646 Bush Cir,active,253740,4,2,1349,33.57586548748678,-112.07298787735411
4389,510 4th Trl,pending,184782,4,3,2050,33.52653918756315,-112.32000360868444
4390,60 4th Pl,sold,126164,3,2,1815,33.369635024535285,-112.34273208778775
4391,588 Franklin Ave,sold,277814,4,1,2812,33.466276548776584,-111.9728483094187
4392,465 Wall St,active,136011,4,3,2304,33.43794007047786,-112.07712521504857
4393,345 Page Way,active,216256,5,1,3387,33.46039138521495,-112.18306526919422
4394,86 2nd Wl,pending,202053,4,3,1845,33.569256422363004,-112.12300163936753
4395,207 1st Ave,pending,116917,3,3,1424,33.51221456216212,-112.13546390408224
4396,300 Euclid Wl,pending,164510,3,3,1406,33.534070860536865,-112.08893543112073
4397,283 Post Rd,pending,290394,2,1,3389,33.53605619397004,-111.95547230865006
4398,580 Page Vis,active,201760,2,1,2763,33.431873585670814,-112.00861834420954
4399,399 Geary Rd,active,170260,2,1,2581,33.38382001819698,-112.10127949798027
4400,219 5th Ave,pending,174376,5,1,1774,33.54527979527334,-112.16478752969154
4401,479 Post Wl,pending,127776,2,3,2563,33.4794666978157,-112.29441806599355
4402,654 Franklin Pl,sold,262004,2,3,2212,33.51184842048942,-112.17770236538689
4403,376 California St,pending,248202,3,1,3916,33.50333300015654,-112.07097921659421
4404,577 Walnut St,active,291894,4,1,1229,33.40412645878502,-111.95376910685016
4405,224 Mission Way,pending,110941,4,1,2425,33.36820450256062,-111.98874512262813
4406,138 Euclid Trl,sold,158198,2,3,2855,33.44630778723427,-112.1767760090125
4407,405 Turk Cir,active,188867,3,2,1688,33.401026265288905,-112.07661385966067
4408,285 Pine Blvd,sold,187068,5,1,1139,33.40689257909299,-112.2458990629789
4409,100 Texas Dv,active,118191,3,1,3682,33.55613531721986,-112.27879521384489
4410,389 California Ave,sold,174775,5,3,2568,33.56917639015585,-112.25844646717037
4411,113 5th Rd,pending,236041,3,1,1210,33.55006264332948,-111.96274674816344
4412,297 Walnut Trl,pending,132859,4,2,3846,33.501539428269105,-112.17943716556353
4413,294 8th Dv,pending,175169,2,1,3001,33.57347040518789,-111.91091690030795
4414,231 1st Dv,pending,279797,2,2,2643,33.36390902263968,-111.98972120864863
4415,536 Euclid Cir,sold,160666,5,1,3109,33.57345073839558,-112.02123327174556
4416,81 9th Blvd,sold,202577,2,1,2235,33.43034146650699,-112.01061865745022
4417,148 2nd Way,active,123065,2,3,1558,33.489337978502576,-112.21528256940273
4418,497 4th Cir,sold,186428,4,1,3223,33.516443857366184,-112.08706347425586
4419,543 Sutter Vis,sold,252258,2,1,2594,33.58249659824417,-112.16490396318505
4420,349 Post Cir,pending,258673,3,3,2146,33.51789338796921,-111.88955177296032
4421,227 Post Pl,sold,164127,2,3,3498,33.44947472243006,-112.32142534416396
4422,65 2nd Cir,pending,269969,2,3,2110,33.46697267752941,-112.21946353354416
4423,546 Mission Blvd,active,244878,5,1,2672,33.38036327197746,-111.90553241622636
4424,383 9th Trl,sold,219581,2,2,3743,33.42452379374144,-112.06100523542084
4425,320 5th Vis,pending,158401,5,2,1680,33.47628147568734,-112.34652222993262
4426,181 Sutter Wl,sold,171849,3,3,3335,33.49619466860305,-112.24644361097522
4427,641 3rd Trl,sold,279878,3,1,3767,33.50493737316397,-111.88996578489645
4428,792 9th Way,active,123471,2,3,1329,33.43259075222946,-112.30606331097478
4429,529 Post Blvd,pending,257701,3,3,2661,33.403917372919125,-112.33446803890706
4430,604 Wall Ave,sold,125301,2,3,2776,33.40606627961426,-111.98812101315433
4431,167 California Way,pending,152462,2,2,2919,33.57994185556923,-112.30839041761709
4432,611 Wall Cir,pending,258408,2,1,2341,33.38711088599407,-112.24788097348046
4433,156 1st Blvd,sold,122148,4,1,2294,33.49917285194534,-111.88275975247329
4434,59 Texas Wl,pending,278352,5,1,3094,33.435140189918556,-112.21531949701597
4435,647 Pine Trl,sold,293518,4,3,1424,33.49230207628555,-112.35912061591982
4436,36 Bush Pl,pending,274586,4,2,3216,33.46015409488425,-111.91103006503009
4437,673 8th Cir,pending,189885,4,3,3832,33.530139229302314,-112.07969011123691
4438,704 Pine Vis,pending,183736,2,1,2513,33.405611695310085,-111.97698511474039
4439,499 Blake Cir,pending,141819,5,2,1619,33.438730652669925,-112.24787944966545
4440,107 Euclid Rd,sold,142097,3,1,3760,33.570515758774974,-112.04300343949933
4441,155 Turk St,pending,134389,5,3,2126,33.51696454078928,-112.22535220880131
4442,185 Franklin Dv,pending,204007,4,2,2278,33.486676754258596,-112.26994757137535
4443,30 6th Vis,active,233063,2,2,3424,33.40762411544446,-112.30040645670671
4444,645 Texas Way,active,228092,2,1,1098,33.37464970130792,-111.97545523148915
4445,656 Blake Blvd,sold,175758,4,3,3918,33.41848010579859,-112.31388947882255
4446,714 5th Trl,active,104301,4,3,3648,33.5563009698836,-112.12092020868315
4447,141 5th Vis,pending,232044,3,1,3620,33.58732454663369,-112.14934750294059
4448,255 Pine Cir,pending,250621,2,2,2215,33.47490574441703,-112.30089886623442
4449,540 Turk Blvd,pending,205780,5,2,3911,33.43495902645495,-112.11974054474794
4450,471 Sutter Cir,sold,256422,3,1,3927,33.43276039466803,-112.31439505999623
4451,601 8th Vis,sold,255410,3,2,1767,33.58292234479254,-112.06752758881446
4452,318 Sutter Vis,active,233843,2,2,1943,33.37755569496024,-112.25246618291797
4453,287 Turk Rd,sold,146562,2,1,3244,33.40966066550091,-112.20000125369526
4454,314 Post Rd,sold,193196,4,3,3306,33.46306242022422,-112.03269213459605
4455,742 2nd Rd,active,175130,4,3,3568,33.531557148596875,-112.22428584982879
4456,289 4th Wl,pending,279711,2,2,3309,33.411921094411944,-112.31685906278949
4457,615 3rd St,pending,212381,5,2,3662,33.55861071543811,-112.05079457444063
4458,421 2nd Rd,pending,183388,3,3,3063,33.4417498900539,-112.20946702376789
4459,793 Franklin Pl,sold,234859,2,3,3640,33.38009833708354,-112.05130512156964
4460,405 Walnut Ave,sold,142158,2,2,1107,33.586536366104546,-112.2460629338333
4461,636 8th Ave,sold,122082,5,1,3001,33.471336589105604,-111.8847405083259
4462,747 Sutter Trl,sold,272674,4,3,3156,33.372125617638346,-112.00843371650878
4463,742 Pine Rd,active,110410,3,3,1451,33.48275515273129,-112.19915202326845
4464,627 2nd Vis,pending,282199,3,3,1545,33.38796133785151,-112.35827635358974
4465,72 Pine Wl,active,142073,3,3,3861,33.57117667280329,-111.9107114989881
4466,797 Turk St,sold,153846,3,3,1716,33.57384113219861,-111.88186674755728
4467,395 2nd Vis,active,191203,4,3,2469,33.44615150888998,-112.05833174996427
4468,193 Blake Trl,sold,214347,4,1,1262,33.40392745681608,-112.25526437927464
4469,334 1st Pl,active,256502,2,3,3620,33.54129160940033,-112.2410249146995
4470,24 Wall Blvd,pending,103010,2,2,3561,33.554050921576234,-111.8925981743466
4471,336 6th Cir,active,271993,4,1,2602,33.43371781654591,-111.99572952184428
4472,174 Page Vis,pending,272452,3,3,3007,33.575626556695475,-112.04829361999948
4473,171 4th St,active,285895,4,2,2023,33.418182099120855,-112.2177488858203
4474,69 6th Cir,active,260124,4,3,1068,33.41947061270013,-112.28288320260648
4475,307 5th Dv,sold,122564,4,1,1328,33.46961540282418,-112.32025454832248
4476,614 Wall Cir,pending,295788,3,3,3044,33.482213946897325,-112.29068542079544
4477,513 5th Cir,pending,207777,2,3,2864,33.455604130616656,-111.93167405968285
4478,635 California Wl,pending,160135,3,3,2689,33.36088859082175,-111.94181665468808
4479,71 Page Rd,active,198739,4,1,1915,33.388461418371065,-112.28135812236128
4480,788 2nd Blvd,sold,242283,4,3,2648,33.44105876770805,-112.1780621638039
4481,631 Sutter Trl,sold,128176,5,3,2131,33.47208155183574,-112.00366612300598
4482,675 6th Vis,pending,245269,3,1,3530,33.5476974483101,-112.25400886859713
4483,439 Indiana Blvd,pending,297280,2,3,2535,33.5087278065636,-112.15477059379276
4484,197 Franklin Cir,sold,116323,2,3,1018,33.48176917600043,-112.1805825654705
4485,17 6th Wl,pending,195443,2,2,1904,33.56313287834316,-112.29229217579547
4486,727 4th Pl,sold,206843,4,3,2221,33.53404932271129,-112.07789093807742
4487,215 California Blvd,active,244759,4,1,3636,33.430619777479265,-111.99465490854631
4488,668 9th Ave,active,177332,5,2,3895,33.39366485100449,-112.24327950829615
4489,594 Blake Pl,pending,268704,4,1,1968,33.57456819875974,-112.15402866813857
4490,600 Post Pl,active,263608,2,1,3462,33.41845949842113,-112.30223439817226
4491,364 Euclid Way,sold,238567,3,1,1992,33.4284689619426,-111.8961769415173
4492,534 6th Blvd,active,270198,4,2,2520,33.57178418211177,-112.14553157662066
4493,555 Walnut Dv,sold,298658,3,2,2295,33.48315971188353,-112.00525539526625
4494,118 Euclid Cir,sold,235697,2,2,3632,33.587805071059016,-112.14718155401965
4495,45 Franklin Pl,pending,241891,4,2,3274,33.57221286388393,-112.01735848917176
4496,520 8th Dv,pending,119952,3,2,2463,33.37918334957088,-112.30354156811727
4497,360 California St,active,227772,5,3,3719,33.567598119620506,-112.21489376875459
4498,364 1st Pl,active,210266,5,3,2183,33.42799249075908,-112.09222132466472
4499,721 5th Pl,active,114044,4,3,3845,33.361258458862196,-111.87796702538245
4500,646 Franklin Cir,sold,116093,4,1,2791,33.54476013896202,-112.23980330003829
4501,729 Indiana Ave,sold,274377,2,3,1265,33.583007919827395,-112.28858021033601
4502,420 Walnut Wl,sold,153749,3,2,2730,33.398880798667456,-111.93681532472166
4503,22 Euclid Wl,sold,189317,5,1,2117,33.57912297579065,-111.9656327715889
4504,233 5th Way,sold,162758,4,2,1787,33.4768425884828,-112.12207099633106
4505,113 Mission Blvd,pending,193080,5,2,2583,33.54345073225083,-112.29692422434987
4506,321 Wall Dv,sold,173520,2,1,2784,33.37276919428863,-112.18760671797617
4507,40 Walnut Pl,pending,108261,4,1,1031,33.450292507223715,-112.17729226257836
4508,438 9th Trl,active,132539,3,1,2996,33.519573954655186,-112.2406975800733
4509,788 Page Dv,sold,117440,3,2,3503,33.50286437385271,-112.16686906767981
4510,297 Blake Way,active,167174,3,3,3286,33.526718240975136,-112.31407974169095
4511,463 Turk Blvd,sold,171040,3,3,1053,33.571254561803414,-112.04785810328218
4512,489 Mission Blvd,pending,255016,4,2,1347,33.491185996742246,-111.98182463481432
4513,790 Post St,active,123060,5,3,1227,33.43899218478143,-112.20167664401636
4514,366 2nd Wl,sold,261903,5,1,3105,33.40840630021916,-111.97427257308345
4515,601 California Wl,sold,138503,2,2,2714,33.4169587030723,-111.96081028202542
4516,143 4th Rd,active,273910,5,2,1530,33.37494555470411,-111.9958757422418
4517,718 Geary Dv,pending,185499,4,2,2697,33.53566693563016,-112.08858271722379
4518,328 3rd Blvd,active,125148,4,2,3961,33.47341294293778,-112.13392233478164
4519,352 Geary Wl,pending,132985,4,2,3002,33.41673934534483,-112.27222184548218
4520,471 California Pl,sold,273751,2,1,1157,33.51677724155158,-111.93592218124128
4521,727 Geary Blvd,active,155577,5,3,3492,33.385558120548524,-112.02336213265286
4522,392 1st Ave,sold,230072,4,1,2069,33.47191943972864,-112.22052370124317
4523,687 Geary Trl,sold,173154,4,3,2685,33.477526531853876,-111.94147676473793
4524,71 3rd Ave,pending,124500,3,3,3418,33.52228924779209,-112.21833998271627
4525,447 Post Ave,active,289794,2,1,2108,33.5877265630833,-112.12834779543235
4526,170 8th St,pending,236606,3,2,1724,33.537579047358065,-111.92065628676528
4527,18 Turk Wl,active,211284,2,1,1553,33.49932514622358,-112.31988461013307
4528,632 8th Vis,active,196552,5,2,2501,33.53228647179659,-111.89741867052408
4529,239 California Wl,pending,107202,2,2,1910,33.43436187075655,-111.9416156578649
4530,545 Euclid St,active,243463,2,3,3558,33.56652889264956,-112.22977136397544
4531,222 1st Ave,pending,239498,3,1,2530,33.52308223966738,-111.88207978251972
4532,275 Pine Ave,pending,269690,2,1,1348,33.433583183116106,-112.1573068963345
4533,82 Indiana Blvd,sold,298258,4,2,3666,33.36791683916173,-111.96830748533775
4534,157 3rd Blvd,active,104052,3,2,1770,33.51606129647996,-112.11639521719003
4535,445 Blake Way,sold,165110,4,3,2024,33.442675377153805,-111.90242445580837
4536,524 5th Ave,active,147771,3,1,3933,33.5072295692405,-111.9194887356493
4537,646 Pine Vis,pending,113956,3,2,1600,33.519957217419226,-112.3454186551749
4538,654 3rd Way,sold,186159,3,3,2567,33.472901332065206,-112.08403453139267
4539,132 Turk Blvd,pending,274790,4,2,2181,33.45767612026039,-112.03848569622858
4540,175 Pine Wl,pending,228590,2,1,3511,33.545386057152186,-112.21404258351482
4541,744 2nd Rd,sold,162936,4,3,3518,33.533646497659255,-112.2395916571523
4542,508 3rd Cir,sold,246648,4,1,3551,33.44219921460706,-112.09251239753219
4543,705 9th Cir,active,172595,2,1,1007,33.515754250152504,-112.07007177344107
4544,296 4th Blvd,sold,263728,2,1,1847,33.39022162334121,-112.15667835926754
4545,86 Blake Rd,sold,183985,3,3,3472,33.528178567293445,-111.9997587493672
4546,147 5th Pl,pending,222147,2,3,1975,33.454815446674026,-112.07971622915097
4547,21 Indiana St,pending,187214,4,2,1083,33.39046419646105,-111.98968382312454
4548,157 Wall Pl,active,191540,4,1,2770,33.43718162164726,-112.23236888579507
4549,796 Post Wl,pending,150131,2,1,1704,33.46954989446552,-112.33749527355002
4550,43 Walnut Trl,active,148917,4,1,1245,33.4856574010703,-112.15412759165903
4551,253 Post Cir,sold,258922,4,2,3756,33.45254940092857,-112.06822716047134
4552,354 1st Trl,active,115678,3,1,3941,33.375563744662365,-112.30539368338562
4553,603 Mission Rd,sold,110516,5,2,3754,33.407388480240265,-112.294561134686
4554,596 9th Vis,active,298933,5,2,2455,33.40494261467915,-112.26510783368505
4555,118 7th Wl,active,206531,2,1,1198,33.37515080940399,-112.12437080076826
4556,33 California Cir,pending,221058,3,1,2564,33.459433245059365,-112.15092031632159
4557,759 California Ave,sold,116754,3,1,2746,33.39331713891655,-111.9610190690109
4558,100 Texas St,active,246519,2,2,1999,33.41721969412329,-112.0927411241012
4559,371 Walnut Vis,active,217162,3,1,3372,33.43826940532681,-111.9894185757736
4560,320 Pine Blvd,sold,132245,4,3,1659,33.367337835131956,-112.25430311803066
4561,396 6th Pl,active,295854,4,2,1224,33.49706797699249,-112.10874167035456
4562,690 Sutter Trl,sold,188582,4,2,1457,33.45948956007456,-112.26275436684682
4563,566 Bush Trl,sold,155219,4,1,2870,33.447953273301515,-112.01511598281834
4564,346 Franklin Pl,sold,168402,2,2,1386,33.53972648145814,-112.20478894300145
4565,101 Euclid Pl,active,238564,4,1,3759,33.448042473436956,-111.89685741874143
4566,626 Bush St,sold,254702,5,1,2576,33.58468706931935,-112.35010571746773
4567,66 Indiana Way,pending,183483,5,2,1340,33.51020576162013,-112.18337400577248
4568,120 7th Dv,pending,101777,2,3,3915,33.40783924318585,-111.95238229876968
4569,735 Wall Pl,active,205936,3,3,3478,33.57475601877396,-112.01553886533623
4570,777 5th Wl,sold,123415,3,2,3318,33.57558618881521,-111.9772709535966
4571,555 Bush Trl,sold,272422,5,2,1606,33.44674097848059,-111.88503674786348
4572,184 Turk Ave,sold,257783,3,3,2620,33.56473013015542,-112.0339886874748
4573,550 Wall Pl,pending,266749,3,2,1236,33.52842010991425,-111.98827981160848
4574,116 Bush Trl,sold,270441,5,3,2845,33.511748509128964,-111.97406311341433
4575,767 Geary Wl,pending,186015,4,1,2695,33.36220524122155,-112.04260724341485
4576,195 Texas Rd,pending,226120,5,2,3049,33.535670461517554,-112.2013945392658
4577,255 Blake Pl,pending,282575,2,2,1069,33.54867096971654,-112.35066823442996
4578,286 Blake Way,active,149914,3,1,1179,33.426936339487625,-112.0395097496448
4579,773 6th Cir,pending,177019,3,2,2405,33.40999916718367,-112.22450959428662
4580,379 3rd Dv,active,103616,5,3,2794,33.50282524687247,-112.16478501347419
4581,736 Sutter Pl,sold,225268,3,2,1032,33.440846707326415,-112.10484977331586
4582,630 2nd Dv,pending,298492,3,2,3225,33.58320052132834,-111.95044500652232
4583,621 Euclid Vis,sold,180361,2,3,1737,33.447197415811196,-111.99848495326738
4584,506 Sutter Wl,pending,155211,4,2,1688,33.45828785720834,-111.95708342063318
4585,392 Wall Pl,active,208273,4,2,1107,33.57743169007948,-111.93108947888254
4586,245 8th Way,pending,205476,4,3,2147,33.47945954311557,-112.08371592045457
4587,469 5th Ave,sold,272167,2,2,2233,33.406335938023155,-112.14168777261798
4588,468 4th Dv,pending,208644,2,1,2820,33.45577271023822,-112.19414564681708
4589,697 8th Pl,pending,249172,4,2,3522,33.39693042104513,-112.28447512107607
4590,64 Turk Vis,sold,167635,3,2,3471,33.45590387686616,-112.13704318498752
4591,382 7th St,pending,146311,4,2,3445,33.423608843599325,-111.87895143899536
4592,124 6th Ave,active,285667,3,1,2448,33.39461328085156,-112.00113414828685
4593,67 4th Rd,pending,196992,2,2,2447,33.48053878168462,-111.89302035244356
4594,601 Indiana Cir,sold,156354,2,2,2516,33.56245921280248,-112.25717907605683
4595,538 Indiana Trl,active,141707,5,3,1681,33.48443402841761,-112.32117381842029
4596,288 Texas Dv,active,285674,4,1,1994,33.479429626813584,-112.04311692783537
4597,621 Page Cir,pending,179593,4,2,2026,33.398436158547504,-112.0881991698744
4598,695 3rd Pl,sold,273199,2,2,1022,33.51185408456776,-112.0341658080875
4599,411 Indiana Vis,sold,165517,3,2,2584,33.40013734927219,-112.2642321413215
4600,10 Texas Way,pending,138897,5,1,2682,33.36644065820628,-112.26665002107592
4601,295 5th Wl,pending,113928,4,1,3945,33.449746667067295,-112.11671732175533
4602,19 Blake Blvd,pending,223887,3,2,2204,33.50745454941236,-112.3586909973541
4603,611 1st Vis,sold,213090,3,2,1215,33.51106368552976,-111.9812009238935
4604,272 Blake Pl,sold,198048,5,3,1805,33.388726208146075,-112.12999810212605
4605,546 9th Cir,pending,190029,2,3,3071,33.36451917981082,-112.0415676596056
4606,277 2nd Ave,pending,194822,5,1,3437,33.405760749151455,-111.98264751180544
4607,183 Indiana Dv,sold,116815,4,1,3136,33.545286438369125,-112.00011679425928
4608,59 9th Ave,sold,173375,2,3,3281,33.49305294590742,-111.88501352014208
4609,108 3rd Blvd,pending,299228,3,1,3755,33.50255513977141,-112.3042381147455
4610,99 4th Blvd,pending,182284,5,3,2951,33.407886678823964,-112.28878447043905
4611,582 Blake Dv,sold,117868,5,3,2371,33.5044746524265,-111.88842597948712
4612,188 Wall St,active,124133,2,1,1635,33.38521665403451,-112.06452736223052
4613,609 8th Way,sold,118357,4,3,2370,33.382218897470146,-112.15980560404924
4614,594 Page Trl,active,161573,3,1,2845,33.482582397016905,-112.11763856803039
4615,576 Turk Blvd,active,260016,4,1,3171,33.532841617272155,-112.06274859917006
4616,680 1st Dv,sold,150533,2,2,2917,33.39124622395268,-112.22080869691509
4617,346 Post Vis,active,152656,3,3,2733,33.365681339329235,-111.91068858873379
4618,299 2nd Cir,pending,205716,2,2,2860,33.45215533032734,-112.3385454277478
4619,73 6th Cir,sold,261094,5,2,2589,33.553177841616716,-111.92038170449958
4620,316 2nd Trl,pending,174072,2,3,1918,33.385641838187716,-112.33871603901439
4621,262 9th St,active,166969,2,2,3165,33.497753476480135,-111.89593755015879
4622,506 Walnut Rd,sold,249787,5,3,1888,33.378917863648304,-112.29159444958309
4623,21 7th Trl,pending,155694,5,1,1703,33.45727091899653,-112.3453475654723
4624,671 9th Cir,sold,223364,4,2,3235,33.4287088595331,-111.9041011134906
4625,365 Geary Ave,sold,233010,5,1,1205,33.50725782474431,-112.30454202848719
4626,65 Turk Cir,active,273104,3,2,1470,33.491706868149926,-112.10864870823092
4627,653 Walnut Way,pending,149836,5,3,3085,33.45463068797558,-112.136736128171
4628,385 3rd Rd,active,268480,3,2,1379,33.475601431146,-111.94123526880692
4629,252 Texas Ave,active,201836,3,2,1416,33.49370219811485,-111.97762174328619
4630,342 7th Ave,active,155150,5,1,2137,33.50848203646806,-112.01835833650485
4631,715 1st Blvd,active,160921,3,1,2710,33.38899741946591,-112.03476342419526
4632,690 Post St,pending,161996,5,3,1648,33.391738192624196,-112.25810212401417
4633,496 Pine Dv,active,251352,5,2,1216,33.45541675316854,-112.23075759421926
4634,300 1st Wl,active,158077,2,2,2236,33.39353520993696,-112.29348302002859
4635,65 Geary Way,sold,137006,5,3,2468,33.48832587397688,-112.02992622948551
4636,73 Indiana Ave,sold,103744,3,3,2643,33.57952514334006,-111.9681734453906
4637,131 Franklin Dv,sold,188727,4,3,2694,33.52319918203838,-112.22135715005322
4638,335 Page Dv,sold,210258,4,2,3057,33.49461205506739,-112.0696294847588
4639,216 Pine Vis,pending,141067,2,3,3234,33.507492247998776,-112.35513489442215
4640,60 Walnut Trl,sold,153303,2,3,1433,33.59274609907745,-112.03196277354715
4641,518 Pine Rd,pending,280308,5,3,1514,33.4679025572385,-111.96346773858144
4642,427 7th Wl,active,127234,2,1,3449,33.59390039617548,-112.12118668357515
4643,397 Texas Ave,active,268370,4,3,3847,33.52266679913016,-112.10858562180671
4644,735 Blake Trl,sold,230935,5,2,2543,33.472533323317464,-112.01340201585994
4645,369 3rd Trl,sold,110286,2,2,3910,33.42255860154485,-112.2962454682381
4646,675 Geary Cir,active,146587,3,1,2044,33.398131354756686,-112.09529963309402
4647,544 6th Rd,active,157786,2,2,2873,33.40449752235546,-112.15411454775032
4648,96 Page Vis,active,248311,5,2,2490,33.56153843578701,-112.15076364066255
4649,719 Euclid Trl,active,192658,5,2,3935,33.40293627031327,-112.22051797475496
4650,66 Sutter Blvd,pending,113840,4,2,3803,33.58407007593766,-112.0543683936872
4651,786 Bush St,pending,129713,4,1,1790,33.588704250994276,-111.97856201228656
4652,201 7th Vis,sold,233295,5,3,2381,33.54667144155871,-112.04142226704701
4653,455 Page St,pending,259397,5,1,1123,33.44914752364356,-112.26469636138474
4654,556 4th Cir,pending,217492,5,1,2995,33.38904348571777,-111.87459125282899
4655,463 Franklin Cir,active,285837,2,1,2625,33.36098109294753,-112.15917246673166
4656,279 Geary Rd,sold,278000,2,3,1740,33.41859722869623,-112.05923533799712
4657,61 Page Vis,pending,136559,4,1,3191,33.36378342615755,-112.09096067497389
4658,64 Bush Blvd,sold,168419,4,2,1451,33.50641359316888,-112.32696598049749
4659,335 4th Pl,active,246390,3,2,3130,33.44064772077362,-112.09524882010314
4660,627 6th Cir,pending,238169,3,1,1672,33.423296260439045,-111.89392274719009
4661,680 Geary Trl,active,119940,3,3,2366,33.55367477404871,-112.01809237340764
4662,580 Franklin Trl,pending,147290,4,1,3859,33.53516353684638,-112.03869883170624
4663,75 Mission Way,active,140919,2,3,3607,33.57227769475196,-112.05417244535316
4664,455 2nd Rd,pending,116673,3,1,3292,33.556091549078886,-112.2695304885582
4665,683 Bush Rd,active,281372,3,1,1956,33.5619637000669,-111.90321909492847
4666,605 Bush St,sold,272272,5,2,1067,33.42416590754392,-112.21983226080636
4667,201 1st Rd,active,254499,2,2,1367,33.44960683099427,-112.02285222889095
4668,89 5th Rd,pending,159019,5,3,3102,33.55645426707911,-112.35786301592677
4669,607 6th Way,pending,261450,3,2,1011,33.57932818475415,-111.98744223026388
4670,317 Post Dv,pending,185317,4,1,1670,33.5274440682214,-111.97405294712941
4671,100 Sutter Way,active,133152,4,1,3852,33.58330025327776,-111.88121208186398
4672,651 Bush Wl,sold,239635,5,1,2910,33.56319993152271,-111.91574388658728
4673,603 4th Vis,active,265910,5,3,1421,33.4070254720444,-112.28650703508615
4674,197 Pine Cir,pending,203210,5,3,1524,33.43665930505806,-112.1923092932071
4675,258 Blake Vis,sold,225202,5,3,3094,33.54202151447601,-112.3253647978039
4676,577 7th Dv,active,122175,3,1,3470,33.39591720694652,-112.1112280193004
4677,246 Wall Vis,active,209703,5,3,1479,33.52751313908789,-112.30646614527572
4678,148 4th Pl,active,186435,5,2,1318,33.45678479637204,-111.93045135229868
4679,585 5th Vis,pending,259408,4,2,1175,33.43324185380217,-111.96447335025849
4680,109 9th Trl,pending,177518,2,2,3507,33.568925148954456,-112.13258931605883
4681,638 Blake Way,pending,200418,5,1,1249,33.55746121119975,-111.8775928037988
4682,171 6th Pl,active,299649,3,2,2838,33.40507589693305,-111.904171753983
4683,291 1st Wl,sold,264469,3,1,1793,33.50103933901539,-111.95353657215516
4684,707 Pine St,active,251778,2,3,3712,33.560874552419676,-112.05472907242992
4685,371 1st St,active,125469,5,1,1307,33.53760077359149,-112.30811069727235
4686,274 Turk Way,active,132948,4,1,1312,33.539650500897885,-112.26216611037668
4687,740 7th Blvd,active,125337,3,2,3962,33.40117536169604,-111.91125805305377
4688,713 Bush Rd,active,293306,2,3,2464,33.449985660709174,-112.16627336202329
4689,440 Franklin Ave,active,223987,5,3,1031,33.441838395850866,-112.02473115079404
4690,28 1st Cir,active,187637,2,3,3330,33.433476305696644,-111.90846368339709
4691,348 California Vis,active,110922,2,3,3192,33.401547619506005,-111.93380163122464
4692,69 8th Ave,sold,192368,4,3,2637,33.46784550266215,-112.1618727681184
4693,96 Bush Way,pending,229619,5,3,2915,33.447721692178824,-112.224657325286
4694,295 Euclid Cir,sold,257205,3,2,1224,33.466795281238774,-112.30115605062231
4695,337 Texas St,pending,231253,4,1,2877,33.537299327075594,-111.89290236769871
4696,694 2nd Wl,active,100595,2,2,2625,33.44978159764522,-112.0254099664198
4697,271 Mission Vis,sold,162340,2,2,2966,33.54531559312526,-111.9091042529271
4698,396 Geary Dv,sold,278000,2,1,2816,33.37170434307445,-112.04115504482202
4699,728 Wall Way,sold,253863,4,1,2361,33.50212869964806,-112.28776232548921
4700,271 9th St,active,164454,2,2,1483,33.48847102820699,-112.20410506902081
4701,107 Post St,pending,178225,5,1,1292,33.408871791839225,-112.15663420503508
4702,641 Euclid Dv,pending,221279,5,3,2095,33.580823755093554,-112.0359064194447
4703,705 1st Wl,active,259576,5,1,1877,33.39162734772243,-112.2439326535141
4704,548 Wall Dv,pending,123326,2,3,3205,33.40394947925066,-112.21321445870346
4705,66 Blake Cir,sold,298374,5,3,1202,33.37467657967676,-112.31428145054755
4706,161 Euclid Pl,pending,153357,4,1,3572,33.445081907592936,-112.19549142781369
4707,152 Franklin Dv,pending,157384,2,3,2544,33.591943484977946,-111.87327275702681
4708,343 Sutter St,active,266995,4,2,3372,33.48709485070526,-112.30544526156497
4709,486 Bush Rd,sold,174457,5,2,2062,33.548866189119344,-112.12276992642435
4710,182 1st Vis,sold,113057,4,2,3129,33.473350553081836,-112.25962021895384
4711,796 Indiana Rd,pending,199616,2,2,2891,33.57761451314497,-112.14831172941842
4712,236 Geary Dv,sold,151824,2,3,3618,33.58982087555414,-112.1601292913816
4713,560 Wall Trl,sold,128545,4,3,1040,33.53596755781592,-112.29035843708027
4714,757 4th Wl,active,173560,4,2,2802,33.466668291148245,-112.1190459892718
4715,322 Wall Ave,pending,248344,3,2,3969,33.36819280902428,-112.27621206310947
4716,325 Sutter Trl,active,187100,4,2,3312,33.38562196855805,-112.35975729213314
4717,442 2nd Trl,active,187614,3,2,2032,33.51627691169423,-111.96533445587802
4718,125 Turk Trl,pending,123089,2,2,2439,33.401347023224105,-112.15488185727834
4719,611 Turk Way,sold,262337,2,3,2721,33.40576577212901,-112.32844862554131
4720,703 Page Way,active,272372,5,2,1688,33.41382302495396,-112.03552291250428
4721,353 Blake Vis,active,175179,5,2,3093,33.49672735290409,-111.93637482851037
4722,339 Sutter Wl,active,103601,4,2,1002,33.42154190298968,-112.24696475258115
4723,442 Page Wl,sold,203951,3,2,1975,33.43384667333015,-112.13108247009309
4724,695 California Vis,pending,120908,2,2,3500,33.543054320330064,-112.07650000469515
4725,435 Wall Ave,sold,229924,4,2,2287,33.36109570564754,-112.3139009768009
4726,21 9th Blvd,active,270104,4,1,2428,33.567853124624996,-112.25944015922278
4727,618 California Cir,active,286496,5,3,3501,33.37143061362221,-112.21663738861346
4728,735 5th St,sold,242038,5,3,3405,33.52335042113917,-111.87535340792171
4729,454 Post Way,sold,239851,5,3,2385,33.48076595665944,-111.96810048753119
4730,266 Walnut Wl,pending,269531,4,2,2218,33.588704687414044,-111.90530268763537
4731,303 Post Wl,pending,240606,4,2,3622,33.38642979512036,-112.26479683164672
4732,470 Walnut Trl,sold,224087,3,1,1869,33.54047663707799,-111.98871775896953
4733,315 6th Blvd,active,289407,4,3,3237,33.48971213686366,-112.2416020200732
4734,329 3rd Trl,sold,189979,2,2,2390,33.51109621891374,-112.32071767147005
4735,133 Page Wl,pending,113330,3,3,3839,33.522568133155445,-111.98278796519044
4736,250 Texas Trl,pending,123708,5,1,1525,33.53811234202991,-112.3041761067141
4737,175 8th Dv,active,281767,5,1,1714,33.475584510948806,-112.30582132865534
4738,306 Blake Wl,pending,285131,5,1,1406,33.53899417521336,-112.17740519798457
4739,51 Indiana Trl,sold,177460,4,3,2293,33.56630140340686,-112.1237203214694
4740,276 Blake Dv,pending,188621,2,3,1528,33.567724122262476,-112.04905393686052
4741,619 Wall Trl,sold,263600,4,2,3869,33.505312178265534,-111.88467878746357
4742,444 2nd St,sold,139546,4,3,1116,33.4693790319176,-111.8792429788712
4743,683 Bush Way,sold,206899,3,1,2866,33.473635907102285,-112.00936953004936
4744,61 Geary Blvd,pending,263056,2,3,3262,33.40058423488875,-112.12759500009655
4745,428 6th Pl,pending,195549,4,1,2754,33.38959548920555,-112.19241511004093
4746,784 California Way,active,197583,5,1,3219,33.439022378889156,-111.95592090283789
4747,147 4th St,sold,297057,2,1,2303,33.50182693044638,-112.24229545101669
4748,671 Post Pl,active,188796,4,3,1701,33.37459220781796,-112.0674656637183
4749,657 Franklin Rd,pending,238525,2,2,1898,33.55670849374197,-112.21026975813193
4750,766 California Dv,sold,133645,2,1,1454,33.40419565063235,-112.32280608580632
4751,793 Texas Pl,pending,126384,5,3,2630,33.54534926273649,-112.32243290198211
4752,517 Walnut Trl,pending,185328,3,1,3054,33.58817712452486,-112.10242329867211
4753,684 1st Trl,active,124544,3,1,2829,33.36219438786701,-112.24784892719283
4754,297 Bush Rd,sold,184917,5,3,2717,33.395836945686085,-111.99388583297853
4755,347 9th Ave,sold,144843,3,1,3078,33.5601005313971,-112.05015030920075
4756,457 Turk Ave,pending,190083,5,2,2661,33.366361173532965,-112.0085271764052
4757,20 Franklin Ave,active,234718,2,1,2015,33.51009011982282,-112.11592668712026
4758,528 Blake Cir,pending,164723,3,3,3229,33.44403056016144,-111.93688323396914
4759,292 Franklin Pl,pending,137511,4,1,3189,33.482041077109145,-112.18469954939134
4760,263 8th Vis,pending,157748,2,1,3701,33.516457305456946,-111.96400701478942
4761,195 Mission Cir,active,106416,2,3,3676,33.365196671854065,-112.06782191515991
4762,299 4th Trl,active,200381,4,2,1380,33.56097125932721,-111.96219261928049
4763,603 Bush Blvd,sold,263889,3,1,3845,33.48408084145298,-112.01329565476134
4764,279 Walnut Rd,active,197931,5,3,1895,33.454323233870696,-112.15010983456733
4765,750 California Cir,active,261054,3,1,1702,33.37662657064575,-112.33534292930767
4766,25 Bush Vis,pending,268122,4,1,2642,33.4442296139807,-111.9369345339443
4767,536 California Blvd,sold,205749,2,2,1833,33.46722874365401,-112.00893532480599
4768,767 Geary Vis,sold,204082,3,1,1378,33.48628873542685,-111.98190639224795
4769,663 Blake Ave,pending,132033,5,3,2234,33.49728642447699,-112.16880346528166
4770,71 6th Pl,sold,245445,3,3,1559,33.45399875953578,-112.20877725554892
4771,70 8th Cir,sold,206259,4,1,2932,33.416165297086074,-112.31943520278001
4772,195 Blake Trl,sold,226037,2,2,2351,33.554131622236454,-111.9645593572046
4773,94 1st Vis,pending,172755,5,1,2282,33.45766515537725,-111.93201817013343
4774,546 Franklin Vis,active,162694,5,1,3094,33.46846544743604,-112.18730238334481
4775,348 Post Way,sold,264019,3,1,1920,33.51120808782097,-112.22581151213764
4776,389 Walnut Vis,pending,194396,5,3,1233,33.36317828589207,-112.32802994464419
4777,25 1st Blvd,active,136707,4,3,1006,33.54231119106866,-112.35576234595665
4778,428 Sutter Way,sold,292119,2,1,2420,33.48321270891765,-112.08336611692215
4779,464 4th Ave,active,277173,4,3,2783,33.54219137351624,-111.96958553767422
4780,512 9th Way,active,167211,3,1,1919,33.554145475367775,-111.99907718699313
4781,732 6th Vis,sold,212897,4,2,2640,33.44430308554917,-112.13309404347788
4782,616 Pine Ave,pending,257815,3,2,2261,33.47377500894615,-111.94245368654789
4783,151 Blake Wl,active,167541,5,3,3707,33.435258317397064,-112.01144971135699
4784,628 California Pl,active,207675,5,2,3592,33.51804406238594,-112.31481542298671
4785,622 4th Trl,active,170883,5,2,1829,33.38970116917933,-112.03327329359145
4786,256 California Blvd,pending,156890,2,2,1987,33.36464182388623,-112.27525643268639
4787,687 Wall Trl,active,265678,4,3,1204,33.43483780825153,-112.33155915937347
4788,86 8th Ave,active,279397,3,3,1234,33.58780995647994,-112.08591582632508
4789,768 Euclid Trl,sold,216920,4,2,2768,33.570734915457784,-112.10988437215292
4790,762 Pine Rd,pending,193879,5,1,2704,33.569180079787685,-112.0825554329841
4791,135 California Pl,pending,239846,3,3,2121,33.47042673890674,-112.29954789820422
4792,280 Page St,pending,186565,2,1,2168,33.540524123859875,-111.88024068836076
4793,431 1st Vis,pending,277398,5,2,2041,33.56071841556566,-112.1570806697289
4794,313 Blake Rd,pending,220927,3,1,2949,33.40683516033925,-112.24986070984104
4795,21 Post Wl,sold,244473,5,3,2326,33.50141228459885,-112.34256403249098
4796,691 6th Vis,active,246996,5,2,1948,33.56202465284341,-112.05966203542833
4797,320 California St,active,191359,3,3,3907,33.489448036438326,-112.02906756420354
4798,458 Euclid Dv,active,168867,3,1,2195,33.4120246406228,-111.91357607243253
4799,479 Geary Rd,pending,262276,4,3,3800,33.37910640628934,-111.89030828638126
4800,565 Sutter St,sold,238704,4,1,3117,33.447605570039286,-112.2744617111816
4801,135 6th Wl,pending,187061,3,3,3079,33.41060382476259,-112.13031621878694
4802,94 California St,pending,111524,3,2,2676,33.55926524436322,-111.89466379264258
4803,457 Walnut Dv,active,125313,2,3,1543,33.429032018563255,-111.96108248818973
4804,43 Page St,active,122819,2,2,2640,33.46674701871453,-112.17722430839497
4805,679 7th Pl,pending,112635,2,1,3278,33.42388367437186,-112.34343413704966
4806,321 Post Rd,sold,192523,2,3,3099,33.46057784947417,-112.14552024690941
4807,537 Texas Ave,active,109775,3,2,3943,33.410247392904886,-111.97074068458654
4808,390 Franklin Ave,active,251008,5,2,2944,33.49527712369668,-112.32638640565533
4809,790 5th Dv,sold,120488,3,2,2628,33.399598639525465,-112.13173275027819
4810,303 Texas Trl,sold,147509,3,3,1074,33.410650402810184,-112.21621240771891
4811,469 Blake Dv,pending,238310,5,3,3821,33.58902399194494,-112.33847241363866
4812,497 2nd Dv,sold,283166,4,1,2614,33.489028821945546,-112.062264882814
4813,280 7th Wl,active,271457,4,1,1692,33.575462593250066,-111.90970389884686
4814,633 Pine St,pending,198127,5,2,2968,33.57050905237569,-112.30832257354349
4815,449 Euclid Ave,active,172161,2,1,1392,33.5317562052227,-112.09647977004666
4816,219 7th Ave,active,225410,5,3,2058,33.378904820532675,-112.13638429516286
4817,753 Indiana Dv,sold,126283,3,3,2415,33.59119636954791,-112.17924773436994
4818,408 Geary Rd,active,261699,3,1,3212,33.45277150093911,-111.91010368163377
4819,587 4th Vis,sold,297141,5,3,2878,33.48216762818067,-111.92309301397906
4820,739 Franklin Ave,active,256767,5,1,1004,33.3857500820813,-112.04199887500758
4821,714 5th Wl,sold,140019,3,2,3552,33.5294216818096,-112.16185458423904
4822,407 Indiana Vis,pending,239528,2,1,2101,33.52429746609312,-111.89001888047103
4823,439 Page Way,sold,155433,3,1,1026,33.543989604685876,-112.22819870150065
4824,397 7th St,sold,138695,5,3,1762,33.49062183851061,-112.02510482048558
4825,119 California Vis,active,219654,5,2,1803,33.558813925984296,-112.08495453855397
4826,136 Bush Pl,active,241162,3,3,3617,33.42962595552759,-112.2275906941301
4827,423 Geary St,active,163851,3,1,2773,33.464595146503044,-111.98455833628647
4828,247 Geary Rd,active,149991,4,2,1748,33.45316098779435,-112.31394291516656
4829,672 2nd Vis,sold,265155,3,1,3393,33.426287671706156,-112.28270207396625
4830,129 Texas Cir,sold,133596,5,3,1625,33.50903777902937,-111.98661654858206
4831,651 Pine Vis,sold,178847,5,1,2806,33.58795529403795,-111.97801499948072
4832,624 Bush Way,pending,152210,2,3,3852,33.42300568576901,-111.87646074661303
4833,547 Texas Vis,pending,276725,4,3,1727,33.50891074692382,-112.15188311888176
4834,656 Turk Way,sold,129195,3,1,2277,33.410426245286814,-112.10092783298312
4835,404 Wall St,active,137542,2,1,1819,33.4246463379878,-112.03134650445311
4836,433 Bush Vis,sold,112733,5,3,1395,33.45338723841011,-112.16670708751623
4837,165 Post Cir,sold,274052,2,2,2388,33.59308922888084,-112.19554861055315
4838,516 Geary Dv,pending,258768,4,1,1907,33.46520123767564,-111.9541919480583
4839,59 Texas Ave,active,258216,3,2,2100,33.522242553299975,-111.99133785151201
4840,397 Turk St,sold,212251,4,1,3467,33.469950856235116,-112.03475060867545
4841,684 1st Trl,pending,293026,3,3,2976,33.39913882766574,-111.9727111825514
4842,134 Euclid Wl,sold,228121,5,3,1971,33.536788943745066,-111.96964575269055
4843,280 Page Ave,pending,282674,3,3,3354,33.382985784600045,-112.2093929947352
4844,638 5th Dv,pending,231307,2,1,1494,33.37054896393502,-112.18629809389077
4845,320 Page Trl,sold,107222,3,2,2076,33.568553791403446,-111.99065961275936
4846,101 7th Way,pending,293546,3,3,3455,33.38123617570813,-111.9879835993306
4847,759 2nd Rd,sold,167499,2,1,2061,33.59050361520551,-111.93545472792768
4848,694 9th Dv,pending,155238,4,3,2339,33.39636516904887,-112.17310636604235
4849,640 Turk Dv,pending,262053,2,2,2538,33.53371011681221,-112.14814752160113
4850,409 8th Wl,pending,294630,5,3,1241,33.47839124533467,-112.07935314001035
4851,768 5th Trl,sold,171739,4,1,3091,33.372643334295404,-112.13908190622806
4852,588 3rd Wl,active,265501,4,1,2618,33.46420632958669,-112.32617797825196
4853,797 2nd Way,pending,108324,5,2,3428,33.533053220586964,-112.15470573782989
4854,417 2nd Vis,pending,172014,3,2,2213,33.36239661914418,-112.27500950831367
4855,183 3rd Wl,active,205645,3,2,3184,33.52217518943979,-112.1224340743914
4856,215 1st Blvd,pending,108797,2,3,1529,33.447190232752675,-112.01358807502478
4857,760 Bush Cir,pending,248808,5,2,2521,33.51873543929799,-112.25904266820103
4858,240 Euclid Trl,active,229303,3,2,1538,33.588783515026265,-112.19735941075866
4859,56 1st Rd,pending,290454,4,2,1405,33.376369220359386,-112.08270593921986
4860,124 Walnut Vis,active,167890,4,3,2369,33.37200013791999,-112.1795896629691
4861,131 California St,pending,200080,2,2,1516,33.5002669046838,-111.99123742436912
4862,21 Pine Dv,active,171934,2,2,2109,33.44395189848567,-111.97720417364681
4863,263 Sutter Pl,sold,229465,2,2,2908,33.40406480339134,-112.2103245042032
4864,687 5th Rd,active,208878,4,1,3801,33.472586199611186,-112.15970758395412
4865,621 Mission Pl,sold,159711,2,3,2042,33.50956115770616,-111.95670078667223
4866,625 Franklin Way,active,105604,3,1,2982,33.41991359460865,-111.9003471262451
4867,615 Pine Blvd,sold,263608,5,2,2507,33.53707370413178,-112.02177038805408
4868,379 3rd Cir,sold,214134,5,2,1704,33.434744550039184,-112.31116416693988
4869,86 9th Way,sold,282803,3,3,3179,33.42102849527038,-112.2150071723724
4870,692 Euclid Wl,pending,294695,4,1,3666,33.44499861330434,-112.02877431580738
4871,470 Bush Pl,sold,162971,3,1,2465,33.51165916334265,-112.34026628577139
4872,134 Bush Trl,pending,225701,2,1,2367,33.45413834721243,-112.2437090998573
4873,731 5th Wl,sold,155596,2,2,2357,33.397238139548946,-112.07022181569835
4874,261 Pine Dv,pending,112050,5,2,1459,33.42935972137196,-111.95610746357714
4875,240 1st Wl,sold,264645,3,2,3831,33.40872497085734,-111.90410493244427
4876,779 6th Way,sold,133585,2,3,1779,33.58883621198898,-112.2111140068509
4877,16 5th Ave,active,238421,3,1,2887,33.528713659215036,-112.01316846958102
4878,326 Texas Ave,active,166956,2,1,3279,33.591688924278415,-112.07059537723005
4879,107 Sutter Rd,pending,211537,5,2,3280,33.47618549780372,-112.32235499774977
4880,174 Walnut Ave,active,270687,3,1,1957,33.478408132970046,-112.29001249372018
4881,252 Page Vis,sold,274900,5,2,2794,33.41520640105174,-111.93532110125757
4882,253 8th Pl,sold,292785,3,2,1592,33.48108171134616,-112.20428567239543
4883,97 8th Cir,sold,236889,3,3,1493,33.463720010522,-111.87557605992212
4884,66 Bush Vis,sold,113721,2,3,1890,33.362225349880276,-112.00268313489613
4885,437 1st Way,pending,223535,2,2,1806,33.38769621733031,-112.33350805029693
4886,502 6th Wl,pending,287372,3,2,2132,33.55698133579254,-112.14948886683476
4887,559 7th Pl,pending,140987,4,1,1477,33.36353270066026,-112.11099949918943
4888,701 4th Way,active,202327,3,3,2313,33.381589343173154,-112.26550159093803
4889,112 Mission Rd,sold,144538,4,3,3319,33.43801777981224,-112.3225172451018
4890,626 8th Trl,pending,297751,3,2,3022,33.39073037188681,-112.10218195211743
4891,592 5th St,sold,203471,3,1,3570,33.5611176886665,-112.01097142404538
4892,64 Pine Blvd,pending,298047,4,2,3468,33.55114902974693,-111.96396160383425
4893,423 Mission Ave,pending,258513,2,3,3141,33.48980977240442,-112.33850947363536
4894,244 4th Dv,active,178875,2,2,2375,33.47950139910876,-112.18360297421
4895,629 5th Trl,pending,132261,2,2,1186,33.532944587447304,-112.23684210246797
4896,195 Page Wl,sold,192036,2,1,2151,33.50934480358627,-111.95739316343814
4897,711 Blake Rd,pending,184924,5,2,2088,33.388165731759564,-112.00603979152102
4898,781 Franklin Trl,pending,208285,2,2,1025,33.51362031717198,-112.26412357262011
4899,17 Geary Way,pending,177565,5,3,2199,33.510843408782016,-112.31584075934195
4900,300 Blake Rd,pending,294528,5,2,1949,33.588133483907804,-112.0710157565921
4901,162 7th Vis,pending,265009,4,3,2802,33.37463656443378,-111.96768838830481
4902,442 Post Dv,pending,151736,3,2,2041,33.48271900340218,-111.970581895579
4903,412 Page St,sold,265851,4,3,3030,33.54570793854512,-112.32184515345581
4904,534 Post Pl,sold,217882,4,2,2840,33.51914974902625,-111.9761467810371
4905,615 Mission St,sold,271231,5,2,2985,33.517916477532786,-111.87286460215073
4906,389 Blake Ave,pending,108544,5,2,2080,33.441809901830034,-112.0814006112544
4907,743 Walnut Ave,pending,149656,3,2,3881,33.571209060003646,-112.18819831134144
4908,392 4th Dv,sold,281731,2,1,3344,33.42346887270805,-111.89845968884346
4909,793 Bush Cir,pending,296224,2,2,1918,33.42515601093602,-111.88333467690245
4910,264 Walnut Ave,pending,183559,3,2,2682,33.40266857273748,-111.88728216691318
4911,139 Wall Blvd,sold,283221,4,3,3458,33.49327606717673,-112.23864163572162
4912,184 Pine Cir,sold,192110,2,3,2094,33.44929088770654,-112.13085998087676
4913,384 7th Way,active,189975,4,1,2016,33.39672804671424,-112.0281038923922
4914,485 4th Pl,sold,267124,4,2,3752,33.491443390594874,-112.20974398727587
4915,309 Geary Vis,active,201623,5,1,3002,33.514446677239484,-111.99329787636623
4916,29 Page Cir,pending,269697,2,1,1725,33.375108965042386,-111.94150516778768
4917,96 9th Way,pending,165673,3,1,1048,33.38275996510242,-111.92903579444955
4918,132 Franklin St,active,137997,2,3,3212,33.49332458815039,-112.14239208162896
4919,456 Indiana Rd,sold,132559,2,2,1684,33.36549148829686,-111.89577127343152
4920,37 Franklin Wl,pending,171678,5,3,2411,33.4191067424315,-112.2173803968779
4921,597 Page Cir,sold,258657,4,2,1870,33.4706653929983,-112.30825921840058
4922,723 8th Way,pending,111991,2,1,2601,33.551298099152014,-112.29822155311045
4923,663 Bush Vis,sold,106018,3,2,1529,33.513907541006695,-112.22585896068462
4924,633 Indiana St,active,294150,5,1,1721,33.48040751093679,-112.35856040286949
4925,380 6th Rd,pending,139044,5,3,2016,33.45477782863125,-112.30802847754691
4926,682 Indiana Dv,sold,232545,3,3,2532,33.53278001369354,-112.29330342811484
4927,154 Euclid Trl,active,296652,2,1,2621,33.49301066823781,-111.99877614248433
4928,76 5th Vis,pending,153264,5,3,3940,33.3672982363648,-112.13388966845108
4929,749 Walnut Ave,pending,106944,5,3,3197,33.369643535603636,-112.00203146185939
4930,94 Bush Pl,active,114561,2,1,3543,33.55252599487986,-112.14917409658646
4931,602 Geary Vis,active,118740,4,2,1575,33.573578588159144,-111.88468958507626
4932,486 2nd Cir,sold,207644,5,2,2490,33.57973404539692,-112.2492772407206
4933,267 Post Pl,active,158949,4,2,3596,33.52303977997656,-112.00263919065847
4934,565 Euclid Trl,active,100523,2,2,3430,33.56567325132105,-112.34322445854218
4935,51 7th Cir,active,224066,3,1,1720,33.549768052697395,-112.33950407644136
4936,139 3rd St,sold,234479,4,2,1260,33.52763020697112,-112.1020487574778
4937,186 3rd Trl,active,202023,4,2,1646,33.55105069748847,-112.05598126970261
4938,737 Indiana Way,pending,157303,3,3,1697,33.468520530531926,-112.18890146427496
4939,124 Blake Rd,sold,195574,4,2,3565,33.36222314999975,-112.0031904938112
4940,218 Turk St,pending,125911,4,3,3639,33.36397555180537,-112.15462326951761
4941,283 Turk Ave,pending,135198,3,2,1593,33.55280891382656,-112.22863573446774
4942,698 Page Cir,sold,264761,5,2,2302,33.39296292064195,-112.08906157150315
4943,725 9th Way,pending,170630,2,1,1264,33.42991310656535,-111.89047343655218
4944,216 California Way,active,230573,2,2,2139,33.4148038274111,-112.18942373443599
4945,161 Wall Rd,pending,263453,5,2,1232,33.4316070457248,-112.21280162916786
4946,413 Indiana Wl,sold,208242,4,2,3072,33.53532646075693,-112.33858244278102
4947,690 Wall Wl,active,292663,4,3,2327,33.52333703451326,-112.32605928173122
4948,267 1st Rd,pending,184102,4,1,2444,33.3733996789393,-112.33456414918358
4949,479 Pine Wl,sold,289841,3,3,2561,33.51920181464428,-112.05993348728342
4950,156 Texas Cir,pending,174927,5,2,2015,33.400393449109785,-112.05846531084929
4951,388 Wall Pl,active,120366,5,2,1092,33.449823055012835,-112.28902941143072
4952,323 Indiana Vis,pending,181073,3,2,2018,33.43194997104233,-112.01055066492044
4953,514 6th Way,pending,193420,5,2,3811,33.45176303701994,-112.04783653975912
4954,614 Mission Pl,sold,122661,5,3,2350,33.44755450260889,-112.34033409319483
4955,734 Blake Trl,sold,269172,5,2,1290,33.47597202535951,-111.96025122881768
4956,22 Post Trl,pending,173969,3,2,1724,33.413860861309615,-112.10231190492134
4957,445 Euclid Ave,pending,274313,3,1,2770,33.44350050911373,-112.1489379015375
4958,687 2nd Ave,pending,237973,2,2,3167,33.39401406612787,-112.1886382100639
4959,20 Sutter Vis,pending,193162,2,1,2002,33.4334921250171,-111.8862029508798
4960,358 Turk St,sold,183515,4,1,1914,33.557150309217576,-112.19235819686777
4961,162 Wall Pl,sold,249607,5,1,2718,33.369851757852025,-112.03439871097054
4962,472 1st Ave,active,182990,3,1,1303,33.39237164069225,-112.05362538700147
4963,646 Geary Pl,sold,273404,4,1,3192,33.53885319741449,-112.26665641160383
4964,764 Sutter St,active,176124,3,2,1893,33.48174528611836,-111.98558842259597
4965,559 4th Cir,pending,189327,3,1,3034,33.521844384132244,-112.22313388936061
4966,471 Pine Blvd,sold,136598,5,1,2161,33.455804151612526,-112.18937337973662
4967,195 1st Cir,sold,169231,5,1,1593,33.58389783493092,-111.87699711004123
4968,769 3rd Trl,active,184270,2,2,1865,33.536258130676465,-112.23749812310308
4969,685 Mission Way,active,185305,4,2,3373,33.471173713405214,-111.90157480786279
4970,506 Indiana Wl,pending,208799,4,3,3111,33.55441656767895,-111.89163598269919
4971,39 1st Cir,pending,130126,2,3,2731,33.36309837620059,-112.27042983669044
4972,455 Post Way,pending,117193,5,2,1573,33.52406158456231,-111.99325432308343
4973,683 8th Dv,sold,109494,4,3,1894,33.48414598321892,-111.88223055129863
4974,379 3rd Cir,pending,144300,2,1,3534,33.46339699894262,-112.01354386492699
4975,315 4th Trl,sold,275211,4,2,1969,33.517947330731836,-112.22817462034699
4976,222 Indiana Dv,active,218941,3,3,1436,33.44494966971966,-111.95178625141955
4977,658 Indiana Wl,pending,294554,5,3,3172,33.44963917288964,-112.13887983874324
4978,128 9th Way,sold,293055,4,2,1287,33.3767963698178,-112.33712127194042
4979,706 Geary Way,sold,119407,5,2,2035,33.48651225771441,-112.06644010386056
4980,132 Post Trl,sold,103782,4,1,1230,33.482807518824515,-111.93644155386924
4981,232 Mission Way,active,224775,5,1,1348,33.578918141308584,-111.88368940140404
4982,229 Indiana St,pending,234343,4,2,3214,33.52188269404721,-112.32740038586843
4983,202 Walnut Dv,active,119312,5,3,2833,33.42347077259034,-112.05619554430514
4984,378 9th Pl,pending,207499,5,1,1701,33.50096632245868,-111.90333774685331
4985,166 Sutter Pl,sold,116633,4,1,3416,33.50075783397022,-112.04042784471882
4986,457 California Rd,active,240320,2,1,3278,33.450572249151485,-112.35320339030822
4987,410 8th Trl,active,171350,4,1,2818,33.456413365802305,-112.1752288094312
4988,703 Turk Wl,sold,287225,2,1,3105,33.47274355889653,-112.19287145111853
4989,397 9th Rd,sold,206871,5,3,3477,33.47447985553856,-111.91704024872254
4990,200 Post Cir,pending,247372,5,2,3746,33.39790589170481,-112.33257247274989
4991,762 Mission Vis,pending,123136,2,1,2529,33.55991118363246,-112.29735778716305
4992,605 Walnut Wl,active,266453,5,3,1614,33.37694054240812,-111.97655703474997
4993,608 6th Vis,active,141693,4,3,3342,33.5315006940036,-111.99365065466284
4994,259 Euclid Cir,sold,233036,5,3,1312,33.37339905511652,-112.30906322048774
4995,286 Euclid Way,active,236271,4,1,1934,33.47099442177171,-112.1270796958547
4996,349 Bush Cir,pending,202860,2,3,1610,33.469447789595385,-112.2076656753011
4997,780 Bush Wl,active,218834,4,2,2763,33.399019967661694,-112.33114206902556
4998,527 2nd Blvd,pending,198861,3,1,1180,33.556589179545576,-112.15289180260118
4999,623 5th Pl,sold,181331,4,1,3029,33.415836749341466,-111.9490334827316
