7000,766 Geary Rd,pending,258698,3,2,3987,33.401745872327524,-112.12566177703258
7001,603 Wall Blvd,active,228312,4,1,1944,33.38886138042973,-112.02148562704201
7002,259 4th Wl,active,184151,5,3,3883,33.555008461621355,-112.23867011732614
7003,192 Turk Trl,pending,188210,5,3,3477,33.41686688027876,-112.02852606118029
7004,268 Pine Pl,active,267497,3,1,1858,33.44878398989022,-112.03430000578511
7005,775 7th Dv,active,206227,3,2,2446,33.49816424096815,-112.0207847371319
7006,173 Texas Ave,sold,205947,4,3,1528,33.5726080377035,-112.2174072813104
7007,759 Franklin Way,active,208569,5,1,2085,33.55928077908571,-112.13303515227942
7008,576 Blake Cir,pending,220879,5,2,3165,33.58664336566422,-111.9949043471564
7009,238 8th St,pending,272505,5,2,2587,33.4239777539304,-112.34093093894259
7010,171 Euclid Wl,pending,155266,4,1,3796,33.487482519921116,-112.31705471873501
7011,233 California Pl,active,103145,4,3,3039,33.38183879420378,-112.35602793171633
7012,68 Indiana Rd,active,133187,4,3,1489,33.55419024135038,-112.1852140195579
7013,339 1st Dv,pending,202650,2,2,3021,33.48888485021165,-112.12087703148407
7014,238 Post Way,pending,141533,2,1,3125,33.47705697766438,-112.03193182837902
7015,347 2nd Cir,sold,257589,5,1,3581,33.57043678115165,-112.33196915836614
7016,284 Post Vis,active,293123,2,3,3749,33.45534435458182,-111.87923642874618
7017,204 3rd Way,pending,181560,4,1,1745,33.39357175099711,-111.87516595952567
7018,668 3rd St,sold,206246,3,3,3592,33.37161878115568,-111.95995735526853
7019,322 Walnut Blvd,active,251134,4,3,3659,33.5835512782883,-112.3464355644275
7020,530 5th Pl,active,226534,5,3,2806,33.40332615065245,-112.22141008659587
7021,661 2nd Ave,sold,142101,4,2,3257,33.50262696035054,-112.24155055530026
7022,80 5th Wl,pending,160149,5,1,3551,33.53043739441847,-112.31058301040075
7023,800 Walnut Pl,sold,227999,2,3,3352,33.4467835942998,-112.19686644491819
7024,364 Geary Wl,sold,242336,5,1,1285,33.444656060651425,-112.15043071323753
7025,232 Walnut Trl,active,121194,4,1,2056,33.49605935101393,-112.30379126229295
7026,151 4th Rd,pending,220711,3,3,3039,33.524995388062386,-112.29620166699756
7027,671 Sutter Way,sold,142748,2,2,3605,33.48012471898412,-112.22612673037882
7028,599 Page Dv,sold,213100,3,3,2828,33.51845444256761,-112.21942199278185
7029,46 Turk Ave,pending,270062,4,3,3961,33.53791975567613,-112.30046200964668
7030,310 Page Way,active,283324,4,2,3473,33.38938555812212,-112.2500654991245
7031,668 Mission Trl,active,275694,2,3,3577,33.54864061129285,-112.13221426400027
7032,108 9th Dv,pending,112997,5,2,2045,33.52854908508212,-112.16072356828553
7033,237 Pine Way,active,207982,3,3,2476,33.48984026445186,-111.95029448711533
7034,309 6th Pl,active,178408,4,2,2789,33.50753395121282,-112.0693754811575
7035,328 1st Dv,sold,175843,3,3,1750,33.52966208560458,-111.89486534777231
7036,498 Franklin Rd,sold,271258,5,2,2148,33.491593966077836,-112.08555939070226
7037,328 Geary Wl,pending,264707,2,3,3027,33.39775641936731,-112.30902292228137
7038,158 Indiana Wl,pending,263310,3,3,2987,33.44771904403761,-112.34122620037706
7039,728 7th Blvd,pending,113122,4,1,2973,33.5716268576435,-112.30488158099276
7040,548 Mission Trl,active,255699,4,1,2956,33.55645692318596,-112.10856557970897
7041,680 Mission Way,pending,123394,3,2,1116,33.57469352053366,-112.25757535747664
7042,86 Blake St,sold,135399,2,2,1605,33.42898514097036,-112.13763882197455
7043,89 Bush Ave,sold,195762,2,1,2757,33.55987618707083,-111.87413004413993
7044,359 Franklin Cir,sold,291745,2,2,1803,33.50403937429758,-112.1526485604998
7045,494 Turk Cir,active,176927,5,2,3037,33.53269709035441,-112.29257873976672
7046,528 Turk Trl,active,176937,3,3,1641,33.41088475552976,-112.04957168600318
7047,589 Sutter Vis,sold,163662,2,3,2435,33.44292462726883,-111.93127294856556
7048,526 7th Way,sold,278911,3,3,1880,33.374801990179904,-111.87699989868644
7049,355 Texas Cir,pending,245110,4,1,1995,33.473409044441226,-112.14986922507026
7050,259 Geary Way,active,298241,2,2,3324,33.467768454396946,-112.19665085460413
7051,562 6th Rd,pending,284688,3,3,1980,33.569409693253434,-112.08311442450137
7052,108 Wall Pl,active,210419,2,3,1060,33.3684701576996,-111.92404709550182
7053,479 3rd Ave,sold,243103,4,2,3629,33.361529817198736,-111.95075087220113
7054,695 Page Ave,sold,140278,5,3,3794,33.53456377010156,-112.1598808158724
7055,403 Page Wl,sold,235663,5,3,3780,33.411793568223416,-112.13778948947433
7056,260 2nd Wl,sold,159429,2,2,1407,33.466914450976425,-111.95229773531318
7057,435 2nd Cir,pending,229587,2,1,2439,33.54136034451335,-112.25608597773652
7058,317 Texas Way,pending,294443,4,1,3727,33.436403130422455,-112.20859365573706
7059,134 5th Cir,active,279432,2,1,1819,33.39862690581729,-112.35018573880602
7060,614 Indiana Cir,active,296005,3,2,3148,33.40169595096513,-112.348788780752
7061,333 Mission Pl,pending,242490,4,1,1111,33.413728072952274,-111.97091237592046
7062,332 Post Ave,sold,255942,5,2,2142,33.57942523840017,-111.98020469819161
7063,391 Texas Way,pending,122813,5,3,2356,33.361378854383034,-112.08368541832483
7064,547 9th Way,pending,221405,5,1,1644,33.41593960575906,-111.99387203577469
7065,754 Blake Trl,pending,144403,5,3,2585,33.38553833169894,-111.98722493217188
7066,351 6th Pl,sold,253327,4,3,1809,33.39795799688684,-112.07089737912587
7067,269 9th St,sold,249358,5,3,3128,33.46557568594849,-111.98623386279979
7068,507 Page Trl,sold,266608,3,1,1534,33.51228634800453,-112.33663636094565
7069,309 Bush Wl,sold,268251,4,3,3689,33.41992170414032,-111.95880579972703
7070,640 California Way,sold,279921,4,1,1140,33.41073792128295,-111.92171213150972
7071,293 6th St,active,240204,4,3,3291,33.39005707389075,-111.8970628140653
7072,20 8th Wl,sold,231098,2,2,1374,33.551915264935204,-112.11600318564618
7073,188 Franklin Blvd,pending,199359,2,2,3252,33.4278404662006,-112.21166499038925
7074,795 Pine St,sold,109873,2,1,3820,33.49150915252908,-111.92490166560341
7075,451 1st St,active,234215,5,1,3713,33.397899424833206,-112.11520213271788
7076,704 Blake Rd,active,175858,4,1,1707,33.365252939116466,-112.15766942264331
7077,473 Walnut Rd,sold,169385,3,2,1267,33.47175060204519,-112.25144717805452
7078,182 Page Wl,active,260545,2,3,3836,33.50230721444866,-111.88253011089019
7079,412 3rd Cir,active,175849,5,2,1985,33.526755552994096,-112.16885457679328
7080,82 Walnut Vis,sold,246294,3,2,2661,33.57902865657344,-112.30170892428916
7081,273 Geary Vis,sold,177452,3,3,3991,33.5121804597804,-112.26701212603538
7082,217 4th St,active,202843,3,3,1491,33.46963322010478,-111.92772367910489
7083,610 5th Wl,active,257724,2,2,1184,33.56925507403388,-112.29089315896586
7084,316 3rd Ave,pending,194589,2,2,3701,33.37213617238353,-112.18055808827678
7085,565 2nd Dv,sold,142069,2,3,1535,33.492214637534026,-111.88300038691922
7086,569 Indiana Pl,active,171699,4,1,2983,33.52247590011888,-112.17470665666782
7087,558 Wall Way,pending,274660,2,2,2673,33.41282791586639,-112.13213549640707
7088,313 Page Ave,active,119879,5,1,1831,33.53254922503969,-111.96170518858341
7089,55 Post Dv,pending,208574,3,2,2833,33.522323656131704,-112.08240758481372
7090,111 1st Blvd,active,248319,4,2,1419,33.3904086355897,-111.91791754130834
7091,158 6th Vis,sold,102898,2,2,1303,33.41963230913885,-112.19426053593631
7092,556 Turk Rd,sold,152358,3,3,1214,33.46825085253095,-111.94706724917128
7093,394 Sutter Rd,active,148193,3,3,3446,33.47765386529529,-112.26671283351507
7094,401 Sutter Way,pending,227546,4,2,1046,33.52299426781614,-111.93901127876804
7095,697 Post St,pending,193303,4,3,1840,33.501575543342135,-112.12839032891958
7096,478 Texas St,sold,165469,4,1,3086,33.567089497471294,-112.17085707782987
7097,338 Pine Blvd,active,251831,3,2,1291,33.51456789537,-112.08583222107534
7098,112 Franklin St,active,242492,3,3,3326,33.45238562943066,-112.22927462148544
7099,201 Mission Dv,sold,284287,4,2,3156,33.494370429099185,-112.0163759730304
7100,308 Page Way,active,287174,2,3,3644,33.46678418203504,-112.33735271465045
7101,324 6th Rd,active,193202,2,2,3936,33.4192743073087,-112.06181852525425
7102,168 6th Cir,pending,270144,3,1,2330,33.59105973420348,-112.16372869740157
7103,401 7th Rd,active,229555,3,3,1415,33.37130585875864,-112.33913844492155
7104,478 Walnut Blvd,sold,205631,3,1,1004,33.38057685776104,-112.03561759283808
7105,34 Texas Dv,sold,133784,2,2,2235,33.56419161354014,-112.05447779315578
7106,394 Indiana Vis,active,115477,2,3,1082,33.53073739115574,-112.23312268699037
7107,399 Texas St,active,172374,4,3,3131,33.58833145479692,-111.96044766071157
7108,454 9th Cir,active,133227,2,3,2597,33.543993842728405,-111.93245665494007
7109,150 Texas Wl,sold,112656,3,3,1333,33.46337146068911,-111.89172834097232
7110,479 California Cir,active,252010,2,3,1353,33.38401170201675,-112.28720371583977
7111,298 Walnut Way,active,262446,3,2,3562,33.49665967814924,-111.96520948289866
7112,540 Pine Cir,active,287259,2,3,2396,33.53553774880946,-112.22531605679278
7113,378 Turk Wl,active,149710,3,2,1361,33.39014020124858,-112.13170328424371
7114,156 Wall Cir,sold,117292,5,1,2458,33.44304099434155,-112.30913810964479
7115,483 Texas Pl,active,201920,4,2,1230,33.40749278669264,-112.2066972388785
7116,555 Geary Vis,active,148347,3,3,3886,33.4743812902607,-112.16240610203529
7117,435 Page Blvd,sold,278702,5,3,3303,33.47946775002528,-111.94117553152552
7118,450 4th Pl,sold,217505,5,1,2194,33.589617631783895,-112.15818852923663
7119,75 5th St,pending,210614,3,1,2182,33.45556069128062,-112.29036221386463
7120,680 Bush Dv,sold,244851,5,3,1581,33.54766662376604,-112.18851501253576
7121,779 Wall Rd,pending,250237,5,3,1507,33.568123504983824,-112.26972405580442
7122,364 California Trl,sold,200886,4,3,3206,33.5002048498734,-112.30871145144742
7123,406 Post Rd,active,231471,3,2,3672,33.367527987597995,-112.1386942705087
7124,534 California Pl,active,283439,4,3,3589,33.47316671600568,-112.2971659738536
7125,491 Bush Ave,pending,231792,2,2,2101,33.37407309902438,-112.14983250115363
7126,722 4th Trl,pending,141930,2,1,3386,33.499664158597945,-112.10112964207825
7127,64 Turk Way,sold,174746,2,1,1718,33.49252803962036,-112.16845958802337
7128,291 2nd Rd,pending,235191,3,1,1937,33.458554035783415,-112.02887716903334
7129,304 7th Ave,pending,132289,4,2,1330,33.58067670083703,-112.28601253576535
7130,610 4th Cir,pending,200712,2,2,1448,33.4338664205744,-112.30713627239314
7131,68 Mission Blvd,pending,223673,4,3,3262,33.55667703693738,-112.1015322892705
7132,615 Page Trl,sold,155949,4,1,3015,33.47240224397081,-112.09765177391456
7133,757 Sutter Dv,active,195553,5,1,1185,33.500896470313755,-112.32058163301406
7134,231 1st Way,active,276351,5,3,3418,33.3701370266956,-112.30388714487363
7135,526 3rd Ave,pending,261758,2,1,1399,33.514623297665175,-112.05436553632123
7136,743 Euclid Ave,active,246553,3,1,1486,33.42346213616421,-112.3608423846436
7137,390 3rd Pl,sold,213821,5,2,2186,33.58293871280054,-112.22340965828431
7138,685 Page St,pending,154602,5,1,3203,33.48689621729238,-112.13268712756332
7139,261 Geary Cir,pending,290441,5,3,3206,33.46572505072744,-111.887477810304
7140,783 2nd Cir,sold,283934,2,3,2995,33.43600745320836,-111.92310091537493
7141,262 Page Cir,pending,243328,4,2,1244,33.37433442899652,-111.94148300194156
7142,15 Mission Wl,sold,122844,3,1,2884,33.56567983207941,-111.98427861494496
7143,595 Turk Pl,active,185819,4,1,2621,33.587953482294246,-111.94684833209834
7144,274 6th Cir,pending,122899,2,2,1093,33.55750216194474,-112.22127986856003
7145,701 Mission Way,active,277250,2,3,2485,33.37680408413082,-112.05748963053166
7146,492 6th Way,sold,175488,3,2,3165,33.55700731737446,-112.35850823188358
7147,79 Euclid Blvd,pending,236390,5,1,1215,33.59406480713813,-112.09120037925358
7148,626 Indiana Pl,active,205253,2,3,3662,33.52487516529489,-112.3141420944232
7149,228 Post Cir,sold,111409,2,1,2883,33.576649447902575,-112.02906289355828
7150,599 2nd St,active,273315,5,2,2763,33.44035729953924,-112.2363564806124
7151,733 Blake Pl,pending,290890,4,3,1703,33.56729739006972,-111.89317681590053
7152,652 Pine Rd,pending,163413,3,3,1533,33.50993058902381,-112.01824099214885
7153,21 9th Blvd,sold,254750,5,3,2132,33.56505076779625,-112.27404809436614
7154,59 5th Wl,active,284801,3,1,3750,33.37518585389523,-112.33453861592454
7155,659 Turk Dv,pending,249871,2,3,2965,33.362932568085725,-112.07287014257045
7156,544 Pine Cir,sold,223368,3,2,1407,33.51084855406438,-111.96850315821509
7157,123 Pine Dv,pending,271475,2,1,3511,33.4958122983719,-112.02012842589686
7158,48 Pine St,sold,227911,4,3,2346,33.58683502731928,-111.93577439767749
7159,556 Wall St,active,155851,2,1,2909,33.53675637638397,-112.13439746516119
7160,686 Sutter Wl,active,167013,2,2,1715,33.590978749059715,-112.32236793472298
7161,431 Texas St,pending,212809,3,1,1210,33.38740423151495,-112.30570060103904
7162,321 Indiana Cir,sold,152728,3,2,3000,33.50581489371636,-112.07280662120593
7163,496 Franklin Wl,active,209449,4,1,3527,33.53476283602957,-111.95869873206566
7164,436 Indiana Vis,sold,186268,3,1,1185,33.379685601664036,-112.1033841221272
7165,238 7th Way,pending,290627,3,1,1151,33.57644781743061,-112.24677534046646
7166,677 1st Cir,sold,205606,4,1,1985,33.417871117534595,-111.9395515152282
7167,741 9th Blvd,pending,118325,3,1,3457,33.542145066441016,-112.34375774685846
7168,52 7th Rd,pending,279713,5,2,1649,33.422956031406734,-112.25676469831654
7169,457 Mission Dv,sold,139680,2,2,1320,33.38419835770126,-112.06872891338485
7170,381 1st Wl,pending,135222,5,1,1301,33.422007997170745,-112.00637946897288
7171,172 6th Cir,sold,128054,4,3,3260,33.50930264424371,-112.08019989547245
7172,639 Bush Pl,pending,158351,4,3,3991,33.514031758308015,-112.02094218443222
7173,717 California Way,pending,172616,4,1,3024,33.51106553405869,-112.3492317921718
7174,250 4th Rd,active,235643,3,1,3494,33.47880772524823,-112.12528567288301
7175,182 Indiana St,pending,181361,5,2,2776,33.52320885065407,-112.10713790673398
7176,120 California Wl,active,154180,3,3,3005,33.5184805902234,-111.8987664681346
7177,21 Indiana Pl,active,207042,4,3,1840,33.51983139606313,-112.05036985077037
7178,579 8th St,pending,188713,3,2,1071,33.50473082930446,-112.16203848103993
7179,10 6th Blvd,active,209733,5,2,1018,33.45462561874356,-112.14786924034706
7180,271 Franklin Rd,active,247271,3,3,3327,33.53262495038958,-112.28538360773231
7181,354 Sutter Ave,pending,226217,3,2,3617,33.40265701028766,-111.88777805942017
7182,171 Indiana Dv,pending,133745,2,2,1516,33.58917648717255,-112.13435211796693
7183,551 Sutter Cir,active,123772,5,1,2017,33.47580883280283,-111.95174624240796
7184,624 Blake Trl,pending,161373,5,1,2388,33.37213730040538,-111.9852258181483
7185,116 Euclid Vis,pending,162077,3,3,3174,33.55583939384844,-111.90461909863394
7186,225 Bush Dv,active,118802,4,1,3215,33.433031724389004,-112.28014774132797
7187,272 Walnut St,sold,160507,5,3,3215,33.43376373112065,-111.88430873968322
7188,566 2nd Trl,pending,222299,3,3,1790,33.40625873294441,-112.09412540804772
7189,673 3rd Vis,pending,115144,3,3,2886,33.534145958696314,-112.11617213501322
7190,200 2nd Vis,sold,289998,5,1,1434,33.4650803088764,-111.95458508110072
7191,746 Texas Ave,pending,117722,4,2,1390,33.44357415514272,-112.24217556146556
7192,39 5th Pl,pending,198244,4,3,3526,33.52614453868667,-112.07105186517069
7193,463 Turk Dv,sold,275337,3,3,3580,33.43231938980955,-112.28238619606806
7194,447 Bush Wl,active,289972,3,2,3634,33.591326120944046,-111.91925283992617
7195,446 Post Ave,active,270809,3,1,3024,33.58742637653874,-111.91103462695229
7196,329 Wall Dv,pending,250492,5,1,2192,33.39734303028402,-111.90110178868537
7197,324 1st Blvd,sold,175565,4,1,1859,33.40207676262033,-111.91850855833113
7198,491 Pine Way,pending,165220,4,3,1958,33.41323622768898,-112.17388378630963
7199,529 7th Rd,sold,219198,2,1,2843,33.40886770397415,-111.97673562086736
7200,324 Geary Ave,sold,264666,2,2,1018,33.46714248044619,-112.31774697254247
7201,136 8th Cir,sold,159428,4,3,3218,33.50054447426225,-112.31134682120097
7202,434 Franklin Dv,pending,145016,5,1,2252,33.366643058191286,-112.30937643573517
7203,444 3rd Trl,pending,130303,2,3,2706,33.574498153419455,-112.05022997664524
7204,19 Blake Cir,active,190909,3,2,3615,33.55714756370952,-112.22172110063343
7205,41 7th Ave,active,281257,2,3,1148,33.52244498808303,-112.1624436460065
7206,690 Euclid Way,active,263402,2,2,1939,33.577101301543905,-112.22683717055699
7207,707 Pine Cir,sold,212260,2,2,1718,33.39864528376917,-111.93665336483444
7208,135 Texas Trl,active,263876,4,2,2220,33.39798630097988,-112.24650253737285
7209,525 Walnut St,active,198563,4,3,3587,33.40917287439688,-112.04646399114124
7210,104 5th Rd,pending,159155,2,3,2895,33.44527223484599,-112.02125602047136
7211,381 Turk Way,sold,117850,4,1,3038,33.42165146812465,-112.28849455859378
7212,361 8th Rd,sold,214928,4,2,1452,33.56150038426764,-112.25801223201806
7213,55 Indiana Wl,sold,167789,4,2,1726,33.43518037952922,-111.90153643726254
7214,170 6th Trl,active,199334,2,3,3353,33.36723971957694,-112.28168891295174
7215,111 Indiana Way,pending,261250,3,1,3182,33.585267709490445,-112.09615440634653
7216,53 California Ave,pending,131233,5,2,3451,33.48639883811112,-112.18762715587178
7217,486 Page Rd,pending,213318,2,1,3104,33.44117184214845,-111.91913781756053
7218,384 7th Wl,active,207159,3,3,3624,33.56172103427161,-111.97778632146164
7219,161 Blake Way,pending,298317,3,3,3291,33.36321543824504,-112.21116657124243
7220,585 3rd Trl,active,136711,4,2,1171,33.43265166126908,-112.1817068174505
7221,758 Mission Vis,pending,123985,5,1,2371,33.51015925280448,-111.97198070602178
7222,422 3rd Trl,sold,199517,4,1,1566,33.54463630103661,-111.99145160171246
7223,155 6th Dv,sold,238963,3,1,1367,33.387160115833616,-112.07950351305213
7224,259 Sutter Wl,pending,183460,3,3,3713,33.44580152997959,-111.95656972520673
7225,59 1st Vis,pending,123416,3,1,3709,33.443279532219954,-112.19749852420222
7226,348 Pine Blvd,pending,235227,4,2,1022,33.51806143391604,-112.16688052745876
7227,744 4th Pl,active,250641,3,2,3606,33.58854767963779,-111.9517984647208
7228,782 Franklin Ave,active,101561,4,3,2915,33.593390953739,-112.1017210969515
7229,288 Euclid Rd,active,159838,2,2,1399,33.531763709569525,-112.0313947223731
7230,267 Franklin Wl,sold,287550,4,1,2806,33.44022730946646,-112.12497360188301
7231,279 Page Pl,pending,179265,5,2,3658,33.565306564947306,-112.32834340727113
7232,315 Geary Trl,sold,287844,4,3,1657,33.54565989010311,-112.10197211108898
7233,394 Indiana Pl,pending,155433,4,1,3947,33.410968384465995,-111.98319519792584
7234,182 7th Trl,sold,108890,5,3,1331,33.48341384657272,-111.92606084367299
7235,706 Turk Dv,active,164460,5,1,3047,33.497199695100505,-111.90449928061841
7236,670 3rd Dv,active,225173,3,2,3658,33.413566724582466,-111.97208986842953
7237,83 Wall Vis,active,121652,5,2,1128,33.39191681141167,-111.87766666849195
7238,737 Sutter Trl,active,237338,3,1,1199,33.39683972619433,-112.31921366583681
7239,214 6th Ave,pending,280133,3,1,3949,33.37158562975095,-111.8754892467304
7240,228 7th Trl,sold,138398,2,3,2502,33.550271123784235,-112.11719427786831
7241,144 Mission Vis,sold,172960,5,1,2265,33.53596932945776,-112.2058667138349
7242,272 Franklin Way,sold,204636,5,3,3374,33.396156913510865,-111.88550718035195
7243,695 Texas Dv,active,252167,2,2,3938,33.43798784150678,-112.00501175900453
7244,85 6th Cir,active,242671,3,2,3086,33.53463761631078,-112.17391195179536
7245,267 Mission Ave,pending,289531,4,2,2548,33.55568007471789,-112.08391915084096
7246,552 2nd Way,active,165693,5,3,3950,33.512249278029614,-111.99994548929051
7247,403 Euclid Ave,sold,262165,5,2,3734,33.4877462224287,-112.19332308301706
7248,477 Blake Rd,sold,205378,3,1,2000,33.549044041399966,-112.07083988463991
7249,694 Walnut Wl,active,222628,3,2,1973,33.38778918749621,-112.02699093109992
7250,451 Walnut Wl,active,137624,4,3,2574,33.54638051247081,-112.25900489152819
7251,293 9th St,pending,255793,2,3,1002,33.56081450689632,-111.92651675077192
7252,211 Blake Way,active,212834,3,1,1827,33.4637737929659,-112.15626615029768
7253,306 3rd Vis,sold,243476,3,2,2121,33.53489369706629,-111.89075412777956
7254,252 Indiana Trl,pending,191510,4,2,3354,33.53886930332211,-112.28212029325931
7255,256 Bush Blvd,sold,189982,5,2,1758,33.55254406218119,-112.14792957696038
7256,524 Texas Way,active,271022,5,2,2820,33.422345237833696,-112.07733477776722
7257,478 Bush St,active,233846,5,3,3784,33.54894282449153,-112.01060745538555
7258,35 4th Way,active,147660,3,1,3186,33.47080567340174,-112.1296823694535
7259,410 5th Wl,pending,109794,5,3,2202,33.46173490521767,-111.89376310595536
7260,664 4th Cir,active,261617,5,3,1887,33.37271756091375,-111.9982956290668
7261,451 6th Vis,active,245193,5,1,3780,33.49567343635735,-112.19103782540618
7262,703 Page Blvd,active,263290,3,2,2329,33.57975151590411,-112.10838671305899
7263,337 Euclid Pl,sold,296126,2,1,1389,33.47951554461735,-112.27781236591746
7264,556 Mission Cir,pending,284918,3,1,1267,33.54870383275225,-112.17195876499295
7265,473 8th Pl,active,225834,2,3,2057,33.44229209186118,-111.95472211681695
7266,343 8th Rd,active,136940,3,1,3087,33.431249643414155,-112.2746238256137
7267,218 Sutter Blvd,active,113214,3,1,2572,33.45828322774039,-112.35656143439286
7268,455 Texas Dv,sold,264606,4,1,2903,33.423738493075994,-112.22335022588462
7269,476 Mission Blvd,sold,106281,2,1,2231,33.523905696919215,-111.9096289700718
7270,506 Walnut Rd,pending,188227,5,2,3068,33.42387411347129,-111.99261676753662
7271,482 Mission Wl,sold,108332,4,2,2985,33.5848537469825,-112.36051263965562
7272,534 Franklin Vis,pending,223464,3,1,1977,33.37626010468485,-111.91550360190682
7273,384 Page Cir,sold,270753,4,3,1322,33.51609575693602,-112.16793441926325
7274,234 Bush Trl,sold,165201,3,2,2856,33.39812381673154,-112.30163684851252
7275,772 Wall Pl,sold,143950,2,1,2158,33.42519838962615,-111.99010896963239
7276,595 Texas St,pending,284027,5,3,3075,33.535621147094275,-112.3226084836285
7277,667 Sutter Ave,active,206035,2,3,3258,33.49581698729435,-111.87973918260033
7278,660 Turk Blvd,pending,219997,3,2,3932,33.55431830611298,-111.92022331801007
7279,548 California St,sold,288749,3,2,1752,33.48742394088538,-112.0703542423271
7280,598 3rd Ave,active,161130,2,2,2012,33.46698137492448,-111.91138827214277
7281,180 Pine Pl,sold,224463,4,3,2430,33.42895385202966,-111.96114131944428
7282,304 1st Trl,sold,110277,3,2,1866,33.41251296745949,-111.9765162106079
7283,262 Turk Blvd,active,176776,2,2,1203,33.377410726622195,-112.1480480298798
7284,493 Franklin Cir,active,195988,5,3,3001,33.55772341531157,-112.14013411754067
7285,77 Sutter Cir,active,208302,4,1,2016,33.363354428113055,-112.0607365539617
7286,29 Bush Ave,active,206782,4,3,1029,33.40020347495813,-112.33755112360407
7287,792 2nd Rd,sold,158683,4,1,2590,33.58487251503815,-112.28236845783628
7288,179 Sutter Pl,pending,220035,4,1,1286,33.41418890224533,-111.99401706890819
7289,287 Euclid Vis,sold,291105,3,2,2201,33.52401632978837,-112.27037429925002
7290,729 Indiana Vis,sold,142368,4,2,1913,33.40797697728713,-112.257978117953
7291,432 Walnut St,pending,175668,2,2,1734,33.389672023841555,-112.0802634480007
7292,231 Sutter Trl,active,105395,2,1,2507,33.46196315029073,-111.94248054815971
7293,456 California Trl,active,287579,2,1,3799,33.42214420726719,-111.88389669634873
7294,58 Walnut Rd,active,196555,2,1,2745,33.43013140092705,-112.25325623976576
7295,109 8th Trl,pending,209865,5,3,3982,33.439635538538305,-112.26502129456635
7296,97 Sutter Trl,pending,106967,3,2,3478,33.54076937491032,-112.16734431910236
7297,298 2nd St,active,230108,3,3,3048,33.559218316788495,-112.33284174988106
7298,698 Bush Wl,active,210175,5,3,2191,33.5168476956017,-112.23404885379551
7299,197 4th Blvd,pending,290818,4,2,2988,33.502350698921646,-111.9502206264733
7300,760 Euclid Trl,sold,159488,5,1,1329,33.38810553462378,-112.35540300251833
7301,506 6th Wl,active,230915,2,3,2141,33.506259911710245,-112.26755440485985
7302,248 4th Ave,pending,230829,5,3,2944,33.5794784371621,-112.19731684434838
7303,477 Page Pl,active,144431,5,1,1680,33.52908276294082,-111.96990024143963
7304,210 Sutter Pl,sold,142259,2,3,2875,33.58841894436219,-111.99758145358824
7305,27 7th Blvd,active,213496,2,2,3015,33.4824658686545,-112.33752809644831
7306,471 8th Way,active,223695,4,3,1337,33.464631104385475,-111.90390248216231
7307,488 Indiana Wl,pending,151012,3,2,1415,33.55362321563734,-111.90728168119723
7308,64 Euclid Vis,sold,266857,4,2,2687,33.38675728751532,-112.24431036185064
7309,424 Geary Wl,pending,221193,3,1,2513,33.433122711108396,-112.2818543409749
7310,764 Turk Blvd,pending,126132,2,2,3064,33.444287683553135,-112.0456569937762
7311,287 Turk Trl,sold,218396,3,3,1880,33.47158423864476,-112.06215869821749
7312,257 3rd Pl,pending,240916,4,1,3089,33.55504700285987,-112.31293759691549
7313,717 5th Trl,active,277294,5,3,1437,33.580521040161884,-112.34900802792033
7314,710 Wall Vis,sold,131285,2,3,1137,33.37665706667877,-112.05198579151653
7315,656 Pine Wl,active,147661,4,3,3616,33.46635503306259,-112.3471468993572
7316,33 Geary Vis,pending,207120,2,3,2253,33.514472920093276,-112.0570547574324
7317,424 Bush Wl,active,240959,4,1,3066,33.43794332625048,-111.88222686516063
7318,622 Walnut Cir,sold,102474,4,2,2388,33.37819255978528,-112.2630658601461
7319,585 4th Pl,active,192476,4,1,3807,33.55516356599368,-111.90909699278689
7320,152 Blake Trl,sold,235067,5,1,3969,33.451075391617024,-111.97339150070137
7321,463 6th Pl,active,130442,4,1,1552,33.37066209811206,-112.19227871956832
7322,618 Blake Cir,pending,165801,5,1,1148,33.41706933761709,-112.3421812359258
7323,795 Sutter Pl,sold,191328,4,2,4000,33.537603237979845,-112.0822789586463
7324,252 8th Cir,sold,184135,2,3,1493,33.47066064488234,-112.12393814504219
7325,291 4th St,pending,180979,2,2,2120,33.47547326515998,-111.89387391172389
7326,267 Bush Wl,active,126629,2,1,1925,33.39577698963785,-112.17779330545639
7327,38 6th Dv,active,126749,4,3,2474,33.580167310086466,-112.20972085804769
7328,535 4th Rd,pending,126603,3,3,1632,33.56385781232947,-112.23794758403798
7329,401 2nd Pl,pending,167290,4,2,2647,33.564974846968866,-112.26719319609573
7330,147 2nd Rd,pending,266011,4,3,2511,33.499320074454666,-112.14269738146766
7331,710 Post Ave,active,257853,3,3,1485,33.47024105695796,-112.08646218242326
7332,252 Sutter Pl,pending,256097,2,2,1658,33.515718866406864,-112.23709761630661
7333,166 1st Vis,sold,157376,3,3,1141,33.497920890494434,-111.9681610301322
7334,509 8th Vis,pending,171471,3,1,3697,33.56196966589171,-112.07490689298199
7335,668 Euclid Pl,sold,294332,5,3,2624,33.51825576778554,-112.02696918311972
7336,791 Geary Ave,pending,110149,4,2,3996,33.586668014911936,-111.99411440367956
7337,603 Pine Vis,sold,191262,3,1,3173,33.49568321478332,-112.22550700023812
7338,67 2nd Trl,sold,188257,3,2,3991,33.50378796690076,-112.06755868298515
7339,506 4th Cir,sold,223705,2,3,1263,33.50070594379889,-112.08104945253778
7340,589 8th Ave,active,103129,4,2,3531,33.4345822311613,-112.04688935037733
7341,117 4th Pl,pending,122424,3,3,2366,33.49484398008307,-112.31055782835801
7342,124 Euclid Way,pending,165454,3,1,2623,33.44089557566107,-112.25675852194152
7343,155 Sutter Dv,sold,279467,5,1,3823,33.36905433332201,-112.17692641147565
7344,87 7th Dv,active,203285,5,3,1440,33.407916630375055,-112.01647816184764
7345,434 Mission Rd,active,178350,2,3,3938,33.518359062511,-112.28736359903847
7346,548 Euclid Wl,sold,280564,2,2,2689,33.5249912843458,-111.91797468592745
7347,317 Pine Dv,pending,276603,2,3,1438,33.433949011191245,-111.90758870328256
7348,735 Blake Ave,sold,163363,2,2,1899,33.50297219881866,-112.04938145051501
7349,45 Mission Rd,sold,203771,5,1,3898,33.44739596096883,-111.99090166893718
7350,374 Texas Vis,active,273979,3,2,1238,33.4334522731162,-112.12685324517015
7351,703 Texas Wl,active,103156,2,1,1433,33.53158236420548,-111.9746774428795
7352,217 Post Pl,sold,251870,4,1,3513,33.5512735365975,-112.30626733238711
7353,69 1st Pl,pending,154945,4,2,3715,33.57031190686985,-112.07208281591106
7354,173 Indiana Pl,active,230890,3,2,1881,33.44851265115084,-111.92625973818956
7355,426 Franklin Vis,active,277170,4,1,3263,33.556155943857185,-111.93338381663152
7356,696 Bush Wl,active,272131,5,1,2986,33.391877788587244,-112.24723746107034
7357,341 Texas Vis,pending,203272,4,2,2023,33.44128394752952,-111.98400120261219
7358,587 Geary Vis,active,105175,5,2,1213,33.50697985359402,-112.18924166092853
7359,455 Post Vis,pending,263275,2,2,1077,33.540490380950395,-112.30966017429199
7360,134 Page Rd,sold,119249,5,1,3006,33.37627168516919,-111.97823417555102
7361,580 Indiana Rd,sold,239354,2,3,1692,33.58167298271595,-111.98733538671115
7362,505 2nd Cir,sold,219752,5,3,1980,33.49445813567165,-112.01173320927523
7363,723 Pine Vis,pending,208878,2,3,3229,33.57000402429298,-112.06546873849716
7364,661 5th Dv,active,210039,3,1,2588,33.38563148321245,-111.88469668324653
7365,18 Walnut Dv,active,113651,4,3,1826,33.46107016036102,-112.08764760701125
7366,70 Pine Pl,sold,250634,4,1,3780,33.591981651751794,-112.18219625858586
7367,136 Walnut Blvd,active,243730,2,3,1596,33.45642799712021,-112.02089608130714
7368,99 Texas Wl,sold,159969,3,2,3620,33.37328037678502,-111.95665981506198
7369,493 Franklin Blvd,sold,271515,2,2,1251,33.47804965551041,-112.2929259672134
7370,576 1st Vis,active,248706,3,1,3501,33.38134277525153,-112.28843804356339
7371,417 Euclid Trl,active,115224,4,2,2873,33.49545612834988,-112.025114847192
7372,638 6th Dv,active,141809,4,1,1717,33.54906529941688,-112.01654639648197
7373,35 4th Vis,sold,249054,4,3,2225,33.503620910657034,-112.11364595963396
7374,231 9th Trl,pending,218510,3,2,3988,33.561849430193135,-112.13247621555001
7375,95 9th Way,pending,218075,3,1,1927,33.399237426208735,-112.32638136876223
7376,647 Franklin St,pending,268206,5,3,1438,33.50110777227148,-112.0032819139331
7377,72 Turk Ave,pending,273142,5,3,3491,33.382149436724774,-112.30584721872302
7378,23 Page St,pending,284905,2,1,1992,33.46998760010342,-112.16931892827937
7379,82 Page Ave,active,126630,3,1,3822,33.45480340571941,-112.31307614906264
7380,672 Post Dv,sold,130070,2,3,1515,33.36192820158831,-112.0080679736415
7381,567 Indiana Vis,pending,123692,3,2,1871,33.40355566796454,-111.98920831960548
7382,77 5th Pl,sold,130258,2,2,1460,33.38200982172142,-112.2349454737711
7383,691 6th Way,pending,142446,5,2,1738,33.45747104198551,-112.18704180514537
7384,425 Bush Ave,active,154052,3,3,2359,33.46205096600937,-112.3598545970288
7385,615 3rd Rd,pending,228835,2,3,3432,33.557436082030755,-112.31382810733136
7386,444 Turk St,pending,143793,3,3,2546,33.54187780513882,-112.01826162005534
7387,514 Pine Rd,sold,236631,4,1,2663,33.46912842240949,-112.11944440460549
7388,97 7th Trl,active,148539,5,3,3970,33.46832396854474,-112.31975955913653
7389,242 Pine Ave,pending,271854,4,3,2669,33.54648957809935,-112.34747936102394
7390,274 Post Vis,pending,116877,4,2,3408,33.515793552434786,-112.00685904754216
7391,55 Indiana Trl,active,231009,4,2,3949,33.495140349996426,-112.27342597398098
7392,525 4th Wl,pending,133820,2,2,1964,33.55049633483707,-112.00497765809142
7393,246 Mission Way,pending,142567,2,1,2701,33.50677266601736,-112.10944493489748
7394,165 Page Way,pending,124794,5,1,3369,33.371161578067486,-112.13673857353953
7395,561 4th Pl,active,217470,4,3,2858,33.47040486319708,-111.956073252402
7396,96 Texas Pl,pending,299789,4,2,1286,33.535172805992545,-112.14896076938217
7397,418 7th Rd,pending,162973,4,1,2128,33.36156229070545,-112.32666493822687
7398,685 Indiana St,active,256139,3,2,1414,33.4255727325699,-112.19898841798296
7399,150 Sutter Blvd,sold,201357,4,3,3864,33.449810300674734,-111.91498536413042
7400,58 Page Way,active,175139,3,2,1651,33.48629886488303,-112.30051609066429
7401,224 Franklin Vis,pending,234749,4,2,1454,33.4954614266558,-112.24400514978886
7402,82 3rd Rd,active,192421,5,2,2743,33.535223435432385,-112.00815972888792
7403,612 1st Trl,sold,115108,4,1,1421,33.5091821958018,-112.01136224194667
7404,409 Walnut Way,active,276125,3,3,3123,33.44502604277326,-112.33603633460382
7405,324 6th Blvd,sold,253803,5,2,1003,33.40795962866145,-111.94835191997277
7406,695 Pine Rd,active,191307,4,3,1623,33.46471519620642,-112.34831324212657
7407,298 Pine Way,active,207003,3,1,3835,33.444953453366146,-112.14057933251651
7408,521 7th Way,pending,235075,3,2,1491,33.39505597535759,-112.3024287412171
7409,346 Bush Dv,active,123237,2,2,1819,33.38631677919799,-112.22045323281766
7410,119 6th Ave,pending,225001,3,2,1263,33.46458071309879,-111.92581510923867
7411,280 Geary Rd,pending,220272,5,1,2298,33.53931921538183,-111.96274119004703
7412,688 7th Pl,active,163716,5,3,2255,33.435738791957874,-111.95738775944119
7413,145 6th Trl,pending,214878,4,2,3696,33.50226308541009,-111.99265540184075
7414,678 2nd Way,pending,289943,3,1,3644,33.45507323629121,-112.32190174567276
7415,350 Walnut Cir,active,198290,4,1,2925,33.48718880246535,-111.95097900894822
7416,24 1st Ave,pending,157889,3,2,2528,33.413651832788766,-112.15742532999865
7417,206 7th Pl,sold,144447,3,1,3184,33.501140438706614,-112.1781630033147
7418,432 Texas Blvd,sold,226965,3,1,2993,33.42372083765776,-111.98235287742028
7419,800 Turk Wl,sold,220240,5,2,3556,33.477802775171476,-112.13397735185906
7420,231 Turk Dv,pending,144520,5,1,2758,33.495698562026256,-112.00340752455108
7421,319 6th Blvd,sold,104890,5,1,3611,33.49685326469153,-112.31607165207289
7422,105 Geary Way,sold,235739,3,2,3167,33.51448242969889,-112.01375904041726
7423,545 7th Dv,sold,158886,3,1,3233,33.41182739922676,-111.92253936787012
7424,660 5th Rd,active,248310,4,2,3894,33.536369959840144,-111.9559704505562
7425,394 4th Dv,pending,234573,4,1,1346,33.540080037884614,-111.92023437480371
7426,385 7th Trl,pending,214883,3,3,1268,33.554142373340596,-112.01157551926948
7427,533 Post Way,active,225029,3,3,2648,33.39181014442605,-112.24565251858361
7428,120 Bush Trl,pending,266369,3,3,3552,33.41480986196567,-111.95478210400951
7429,706 8th Rd,pending,275215,3,1,2352,33.5268307878323,-112.18805615130012
7430,117 3rd Vis,sold,230953,3,2,1381,33.47049573547409,-111.97599481391073
7431,12 8th Trl,sold,271323,2,1,3102,33.36112650358655,-111.92637808757482
7432,242 8th Cir,pending,121571,5,1,1936,33.531448636694634,-112.2186655679005
7433,303 Euclid Rd,pending,260044,4,2,1597,33.52396423328994,-112.31754111920617
7434,603 Geary Blvd,sold,226590,2,1,3947,33.51881295917184,-112.29481299883741
7435,229 7th Cir,active,247460,2,2,3303,33.464439016554365,-111.93472716885864
7436,573 Walnut Way,sold,126571,2,1,2457,33.46988249037125,-112.34974981630877
7437,53 Indiana Rd,active,190455,3,3,1345,33.401429792671664,-112.07954405190755
7438,79 Geary Trl,sold,153387,5,2,1840,33.54125245309381,-112.3293081279156
7439,90 Euclid Pl,sold,150866,4,2,2929,33.48121108487269,-111.89271213242924
7440,466 7th Vis,pending,210467,3,2,2485,33.54893793642005,-112.35434967324123
7441,351 2nd St,sold,258412,5,2,2763,33.38196753370855,-112.05893719615455
7442,681 Walnut Trl,sold,179819,3,1,3960,33.43035278521688,-112.00125641443243
7443,458 Indiana Cir,pending,203341,2,1,2172,33.43134021137509,-112.24104221748209
7444,623 Wall Way,sold,152313,5,1,2544,33.42716383342923,-111.90711563147039
7445,130 Franklin Way,active,162680,3,2,2704,33.4006850129287,-112.29928191915377
7446,776 3rd Wl,active,232213,3,3,1150,33.40898274038881,-112.0675441895801
7447,697 3rd Ave,pending,264163,3,2,2970,33.587298708200514,-112.3600280130797
7448,798 5th Blvd,active,108573,2,1,2562,33.465905096747484,-112.12495046390042
7449,738 Blake Wl,pending,282379,4,1,3949,33.54356072417172,-111.98819066441925
7450,793 Mission Cir,sold,134157,3,1,2683,33.370692351809865,-111.89743519078543
7451,215 Page Vis,active,295984,3,2,2580,33.56625238526421,-112.20844885352344
7452,573 7th Way,active,184985,5,2,3622,33.50123082865031,-112.079087648237
7453,16 Bush Cir,sold,142185,2,1,3567,33.391920240985876,-111.93094272863912
7454,616 Walnut Way,active,124996,4,2,1509,33.50327064393328,-111.875670187935
7455,332 2nd Cir,pending,115661,3,1,1141,33.405329698444824,-112.01230413693324
7456,655 Blake Dv,active,113464,5,1,1599,33.4561947423182,-112.35948201693589
7457,117 9th St,active,264510,4,2,3822,33.46910995846515,-112.0506292329075
7458,487 Indiana Trl,pending,262475,3,3,1172,33.456757415564134,-112.23812889092638
7459,590 7th St,active,151045,5,1,2121,33.56241907569334,-112.05127783767402
7460,660 6th Trl,active,266775,3,1,3934,33.489596638341844,-111.89594348216364
7461,116 Blake Pl,pending,118314,5,2,3143,33.454582436979784,-112.05429359016975
7462,185 5th Trl,pending,123972,5,1,2870,33.57356851425452,-111.9264882328085
7463,184 Geary Dv,sold,299670,4,1,3522,33.43808972866258,-111.97078944607256
7464,721 Turk St,active,250379,2,2,1725,33.566707726707484,-112.05585366826966
7465,642 Blake Rd,sold,241899,2,3,3958,33.43792487802067,-112.31037898083484
7466,728 Post Way,sold,248199,2,3,1174,33.585065992638405,-112.0591330223969
7467,157 California Dv,pending,230954,3,2,1997,33.43514786069791,-112.31556697935925
7468,52 Turk Pl,sold,161627,4,3,2454,33.56769306012746,-111.9113410969276
7469,497 3rd Cir,sold,198257,2,2,3571,33.524911451430754,-112.26171727529075
7470,431 California Trl,pending,110210,2,1,3654,33.36364480230714,-112.02132539268446
7471,69 7th Pl,active,108484,4,1,2822,33.521313690050015,-111.99515583092706
7472,583 Franklin Blvd,sold,210201,5,2,3995,33.49579987157098,-112.15740930650293
7473,170 Indiana Ave,active,280653,5,3,1205,33.47441872009098,-112.24161625387923
7474,531 Blake Way,active,177156,5,2,3621,33.44998266901292,-112.17561765146641
7475,144 4th Way,sold,264232,5,2,2192,33.577008310403926,-112.09373804680686
7476,108 California Blvd,sold,165510,3,2,2079,33.38618828192674,-111.99013517948885
7477,674 Bush Way,pending,133830,2,2,3204,33.57723958032784,-112.35376088574628
7478,107 6th Vis,pending,237084,5,3,1935,33.4446809907464,-112.05110160226398
7479,172 Post Vis,active,148508,5,3,1622,33.39653549112853,-112.28551735135494
7480,440 Texas Blvd,active,208513,3,1,3590,33.411391261756535,-111.9784156961925
7481,675 Bush Dv,pending,207530,2,2,3770,33.41686304037038,-112.14874737840194
7482,203 Geary Dv,active,271803,2,1,1552,33.57498386723467,-112.29458124275972
7483,768 Blake Rd,sold,162902,5,3,3057,33.452391496546305,-111.98487797259534
7484,704 Mission Blvd,pending,283672,5,3,1167,33.502176913949484,-112.14572883555245
7485,195 Page Pl,sold,126491,5,3,3244,33.486642087049134,-111.8844939853437
7486,580 5th Rd,sold,272227,4,2,2956,33.3723156900186,-111.91437897274491
7487,744 Wall Way,active,191446,3,2,2728,33.55523528698651,-112.00172702588752
7488,209 Texas Pl,active,220072,4,2,1024,33.55416569251972,-112.31731300714237
7489,706 Pine Way,active,203038,3,2,1215,33.46905047092415,-112.23829591950694
7490,515 Bush Way,pending,147820,4,3,2523,33.54136158263479,-112.10496940772781
7491,247 8th Vis,sold,144002,5,3,1843,33.395229699883814,-111.90290394806857
7492,96 5th Trl,pending,189087,3,2,2765,33.52574700016369,-112.02432889311214
7493,345 Turk Pl,active,251372,4,2,1798,33.585398118947445,-111.97692795571683
7494,187 Walnut Cir,pending,254209,3,1,1287,33.520676801099626,-111.87219572214444
7495,374 Euclid Blvd,sold,183540,2,1,3132,33.57443166418763,-112.26391714467297
7496,532 Blake St,active,229650,2,2,1305,33.52498737456685,-112.27672624013942
7497,526 Geary Way,active,141410,2,3,2930,33.37557328354163,-111.88878564349551
7498,632 1st Vis,pending,189956,3,1,1991,33.498137256834475,-112.29635851792743
7499,492 6th St,active,110495,3,1,2548,33.40491519805869,-112.12701930938178
7500,134 Geary St,sold,166359,2,2,1981,33.4449469510454,-112.21949313644915
7501,634 1st Pl,sold,107706,5,3,2408,33.38186057279366,-111.97328478628474
7502,395 Blake Ave,sold,207446,5,2,2623,33.37130758010862,-111.9640932116819
7503,680 Euclid Rd,active,167603,3,1,1345,33.36810568421657,-112.3465740547719
7504,488 Sutter Blvd,active,124317,3,2,1502,33.53650311305761,-112.02353720342404
7505,751 1st Trl,sold,244965,5,2,3432,33.46920011063469,-112.13788988854743
7506,483 1st Pl,pending,130625,3,3,1502,33.56639656225074,-112.24976628342516
7507,669 Mission Rd,sold,261019,3,1,3494,33.5511515333925,-112.04874032572367
7508,629 7th Vis,pending,253800,4,3,2072,33.48223906552988,-112.202801185704
7509,222 3rd Dv,active,285758,2,3,3772,33.539025560941205,-112.1810906196036
7510,679 Geary Vis,sold,151020,4,3,1689,33.496740504622665,-111.97216687019919
7511,665 Euclid Blvd,pending,215431,2,1,1196,33.486414993053685,-111.98387061646656
7512,309 Sutter Ave,sold,187574,5,2,3298,33.44689270102325,-112.079145968665
7513,333 Post St,sold,193418,3,2,2074,33.378748025324334,-112.06869530273012
7514,311 Bush Cir,active,160725,2,1,2304,33.38079697869462,-112.2127379655305
7515,616 Geary Wl,sold,285907,2,2,2175,33.45331142228642,-111.980043369264
7516,220 Geary St,active,231729,5,2,2695,33.431923110099845,-112.29470064803913
7517,654 Walnut Trl,sold,254252,2,3,3468,33.496659841131134,-112.3002172112859
7518,795 4th Trl,pending,287604,5,1,3770,33.49357202186719,-111.98562816658779
7519,721 Post Pl,active,271283,2,3,3712,33.473310079162566,-112.28246461458419
7520,451 Pine Wl,active,131037,3,1,1519,33.43024059046804,-111.95079101786935
7521,737 Mission Dv,active,258019,5,2,3111,33.484783463135,-111.99018586306062
7522,387 Geary Pl,sold,234282,5,3,2235,33.57497784057719,-112.02071998438983
7523,475 8th Dv,pending,120475,5,3,3826,33.48667562981268,-112.0106951790574
7524,240 3rd St,pending,288464,4,3,1508,33.4077630060817,-112.05872545775999
7525,597 7th St,sold,209732,3,3,3843,33.39529026192644,-111.92726779440049
7526,138 8th Ave,sold,217633,4,1,3847,33.4372776482511,-112.31321784967037
7527,33 Wall St,pending,123899,2,1,2128,33.500437711299746,-111.92757838835293
7528,159 6th Ave,sold,228377,5,2,1073,33.51365421670076,-112.08064574188502
7529,572 Turk Pl,active,272701,5,2,3204,33.47908553679589,-112.01269176639146
7530,390 Wall Ave,sold,212520,2,2,1489,33.52365900130676,-112.00724982182308
7531,309 Sutter Cir,pending,265823,3,3,1795,33.40237796572193,-112.17081227646959
7532,347 Blake Blvd,pending,224054,5,2,2012,33.55050788611538,-112.16204080436904
7533,555 Geary St,active,242652,3,1,3306,33.58797123855194,-112.02917219928587
7534,728 6th Pl,pending,222703,2,2,1594,33.49989071027288,-112.17816308643337
7535,457 Wall Wl,active,255373,3,3,3222,33.475665384172366,-112.24598927253209
7536,527 Page Blvd,sold,219093,4,3,3515,33.429710183293295,-112.36127792174662
7537,356 California Cir,active,119467,5,2,3260,33.549173700164374,-111.99778654274357
7538,105 Blake St,sold,122196,5,3,1946,33.38236007326282,-111.88098289123802
7539,484 7th Dv,active,185297,2,2,1720,33.57809606653638,-112.28306315618349
7540,204 6th Wl,active,213926,3,1,1414,33.59015646140456,-112.24729906862649
7541,542 Indiana Trl,active,111220,4,1,3777,33.411403279622995,-111.87629609855344
7542,262 4th Ave,sold,174273,4,1,2979,33.51392789994133,-112.10206244302323
7543,167 Blake Wl,sold,275614,2,1,2601,33.54980792254306,-111.95812166224877
7544,213 Euclid Way,active,107503,3,3,2601,33.59219623630487,-112.15149292290404
7545,473 9th Pl,sold,127735,2,1,2857,33.37262749919168,-111.88565068833981
7546,764 Texas Wl,active,174066,3,2,2602,33.558470651391644,-112.2194572368537
7547,42 Post Cir,pending,208174,4,1,3683,33.46821950961991,-112.28541176079034
7548,525 Page Vis,pending,153387,2,1,1866,33.48456207472677,-112.23459787863985
7549,565 9th Cir,sold,207444,2,1,2251,33.403897890563236,-112.32645589138559
7550,444 Blake Trl,active,227352,4,3,1793,33.465657631455336,-112.00184879842753
7551,135 Euclid Rd,sold,225720,4,1,1557,33.52385911068152,-112.33928667815665
7552,790 Sutter Trl,sold,170237,4,1,1204,33.37473577796309,-112.10685704541561
7553,334 6th Rd,sold,151285,3,1,1241,33.479625946005925,-112.31844234476918
7554,775 Mission Dv,pending,133863,5,2,2529,33.438336054069524,-112.0622807951137
7555,76 Blake Ave,sold,256084,3,1,3039,33.41289711078376,-112.21045815824604
7556,612 8th Trl,active,183743,5,3,1913,33.50966046786249,-112.14552061447266
7557,250 5th Cir,sold,209869,4,3,2081,33.4801967969343,-112.35489767173554
7558,93 Wall Pl,sold,253140,2,1,2245,33.46915402644065,-112.24967081150396
7559,450 Bush Vis,sold,292975,4,2,1506,33.433239413838955,-112.00966038162474
7560,762 1st Blvd,pending,225168,2,1,1796,33.46316312677792,-112.21857344011278
7561,747 1st St,sold,116861,5,3,1086,33.376685651488955,-112.24583055033766
7562,641 3rd Rd,pending,184615,3,2,1894,33.586836903091644,-112.03517854639443
7563,163 8th Rd,sold,238776,3,2,1836,33.40825623827644,-111.96322913446545
7564,636 Mission Way,active,155155,2,3,2781,33.40505483810448,-112.32440680958435
7565,713 Indiana Ave,sold,176817,4,2,1290,33.57657338556794,-112.33088186952102
7566,312 Franklin Dv,pending,210355,4,2,1676,33.490199745946896,-112.26364523319516
7567,682 Sutter Cir,pending,188280,3,2,3166,33.529395654668974,-111.9973628747516
7568,346 7th Way,pending,231476,3,3,3183,33.482766292871254,-112.10131068290039
7569,534 Pine Vis,active,239895,4,1,1652,33.56359652098287,-112.28982442977231
7570,360 Franklin Trl,pending,149080,3,1,2246,33.55657201283566,-111.92978804152969
7571,544 California Rd,active,298491,3,3,3374,33.399003660130354,-112.282704297914
7572,150 4th Trl,sold,195800,5,3,1911,33.5598087938555,-112.24867693066336
7573,525 Franklin Way,active,295751,4,3,2205,33.39136808158611,-112.24813395840908
7574,373 Turk Trl,sold,162151,4,1,2390,33.47464269864666,-112.16178434850997
7575,696 Walnut Rd,sold,214176,3,3,2222,33.38622768671516,-112.22895848988526
7576,267 Blake Rd,active,280785,5,2,3196,33.500956920659554,-112.32077149938993
7577,377 Geary Trl,active,118490,4,1,1857,33.435539550806894,-112.2044311020698
7578,164 1st Vis,sold,211806,4,2,3609,33.37165329986169,-111.91116603752319
7579,773 Pine Wl,pending,205809,3,3,1633,33.385178933944815,-112.25787043997538
7580,324 Indiana Pl,pending,210572,4,3,2922,33.51071154745759,-112.08958944876741
7581,402 Franklin Way,sold,174239,5,3,1350,33.5046923294133,-112.09185395181875
7582,674 Sutter Rd,active,228666,5,2,1383,33.48449282640778,-112.20223229364643
7583,165 Bush Dv,sold,134913,3,2,2189,33.50755291252148,-112.00571828995886
7584,88 6th Cir,sold,249227,5,3,2504,33.45559203329857,-112.2032778295488
7585,699 5th Vis,sold,149177,2,3,2879,33.49101632690379,-112.30048715052618
7586,137 Wall Cir,pending,255096,5,1,2891,33.532811853458696,-111.93680804335426
7587,295 Franklin Dv,sold,254776,2,2,1504,33.514088224566976,-112.16073844747366
7588,729 Sutter Cir,pending,135382,2,2,2189,33.36571362933869,-112.24423374368551
7589,13 Pine Blvd,sold,146503,2,2,3945,33.57828561519555,-112.28874572882941
7590,637 Post St,pending,259415,3,1,2072,33.54121857718193,-112.2385644912534
7591,349 Indiana Rd,pending,211845,2,2,1650,33.52160193320242,-112.33354964285445
7592,263 Sutter Vis,sold,117358,2,2,3437,33.43506879118941,-112.34799629942323
7593,52 Page Way,active,200619,3,1,2223,33.52540076476863,-112.00390102756074
7594,160 Euclid Trl,pending,177462,5,2,2558,33.49238630983906,-111.99918831117056
7595,516 California Rd,sold,153085,5,1,2123,33.47992163507662,-112.30895596211798
7596,86 Mission Rd,sold,204622,3,1,1373,33.45565528037694,-111.9685534069312
7597,223 Euclid St,pending,280140,4,1,1787,33.562499571687475,-112.24374657993053
7598,452 Bush Way,pending,208708,4,1,3095,33.52371351957218,-112.07499157518791
7599,299 Blake St,pending,289692,5,1,1571,33.47451302947031,-112.2682478403254
7600,392 4th Ave,pending,178794,2,3,4000,33.482496448287435,-112.2034234617055
7601,288 2nd St,pending,289495,3,1,3180,33.55378651940352,-111.9734749462891
7602,249 6th Rd,pending,187770,5,2,3068,33.46524696984761,-112.06356033653567
7603,488 Turk Cir,sold,132821,2,1,1654,33.52659967187155,-112.0822586993328
7604,442 Franklin Blvd,active,246900,2,1,3914,33.5787245249675,-111.90668742400844
7605,261 Pine St,active,125174,4,3,1026,33.43918102669179,-112.04376147919653
7606,419 8th Pl,sold,138369,5,1,3538,33.37174673904702,-112.1651568751992
7607,369 Bush Vis,active,152543,2,2,1441,33.58175310362514,-112.06582429872152
7608,712 Page Cir,active,164206,4,3,3150,33.368481346627696,-112.07563875242296
7609,18 Geary Vis,sold,173496,3,3,1091,33.51370474038426,-111.99142025620057
7610,164 Texas Cir,pending,101742,5,2,1850,33.58428583306247,-112.29449444261047
7611,551 Bush Ave,pending,152616,4,1,1508,33.474005263544896,-112.11870976075352
7612,189 4th Cir,active,199626,5,1,1237,33.39465507548824,-112.11156233622151
7613,32 Bush Ave,active,226097,4,2,1911,33.39183297393727,-112.10035027713192
7614,289 Geary Vis,active,181475,5,3,1854,33.59143140141867,-112.09477557108661
7615,208 Page Blvd,sold,231919,5,2,2814,33.573474493837864,-112.32726213792918
7616,29 7th Rd,pending,205275,4,1,1658,33.55848074697417,-111.87795627552741
7617,755 6th Cir,sold,292053,3,3,3223,33.555508513472574,-111.98086237227393
7618,215 Bush Dv,pending,199267,2,2,1405,33.582997466067994,-111.93242866054365
7619,208 6th Dv,sold,122382,4,2,3812,33.513366796696765,-112.16422914869145
7620,506 9th Cir,sold,288627,4,2,3388,33.46417590608021,-111.93009720156805
7621,532 Geary Wl,pending,234049,3,3,3954,33.548796033071994,-112.19574433914163
7622,350 Euclid Pl,pending,169787,3,2,1805,33.36985777903979,-112.31431726346467
7623,298 2nd Wl,pending,226977,4,2,1486,33.45999127580154,-112.14681867452691
7624,574 8th St,sold,101635,5,2,3570,33.38657974201275,-112.35695872712382
7625,82 7th Wl,active,171982,4,1,1985,33.58807976308087,-112.0377466259297
7626,107 Texas Rd,active,220694,3,2,1729,33.58614075239476,-112.22804686008914
7627,747 4th Trl,sold,149739,2,3,2204,33.37523711077712,-112.19779519057707
7628,271 Page Pl,pending,264904,5,3,1957,33.50472375092388,-112.09906417144785
7629,440 Texas Way,pending,299532,5,3,2360,33.477255776109054,-112.2078674410843
7630,369 California Vis,sold,136570,5,2,1083,33.50753551933351,-112.23859750859027
7631,789 Indiana Cir,active,266467,5,3,2402,33.57321517413141,-112.3147526320819
7632,726 Texas Way,active,276614,4,3,3889,33.53643694996885,-112.16228163720486
7633,348 Bush Way,active,186408,5,1,1628,33.566646217575254,-112.18257527269957
7634,28 Franklin Ave,pending,277291,5,3,2732,33.488757781078064,-112.22724563813256
7635,561 7th Cir,active,299446,3,1,3220,33.57856488479781,-112.21808676796118
7636,738 Post Vis,pending,129100,4,3,1364,33.45429110634099,-111.96359244745184
7637,702 5th Blvd,pending,107992,5,3,2212,33.389607484853805,-112.31053949203346
7638,171 9th Dv,active,186576,4,3,3494,33.3742222845721,-111.91708676416762
7639,242 Walnut Cir,active,107835,3,1,3136,33.58880261919917,-112.35881983929428
7640,601 1st Vis,pending,222050,4,2,1082,33.56008732291722,-111.95291316280527
7641,773 Blake Wl,active,106584,5,1,3068,33.56945540094574,-112.09383139572007
7642,541 9th Rd,sold,258911,3,2,1631,33.43313979782065,-112.22985711576877
7643,561 9th Rd,pending,279707,5,2,2537,33.461739387712335,-112.20680984769602
7644,698 4th Dv,pending,129624,5,2,3219,33.4087286149539,-112.02702621803103
7645,148 California Ave,active,134055,2,1,1512,33.42099963306434,-111.91698890326276
7646,620 5th Pl,sold,254872,3,3,2584,33.548786197042915,-112.33428997338223
7647,147 Geary St,active,165429,2,1,3060,33.50002576908755,-112.25240789566654
7648,132 Post Vis,active,146289,2,2,1322,33.55128174165063,-111.96858789345862
7649,276 Sutter Wl,pending,294017,3,1,3819,33.46631286062904,-112.09445362749175
7650,788 Bush Blvd,sold,155254,4,3,1386,33.50409931431727,-111.9741609589696
7651,248 Franklin Ave,pending,293641,2,1,3822,33.51573847116397,-112.12932488981149
7652,323 2nd Cir,active,202223,4,3,3767,33.52851819755915,-112.12815411110373
7653,400 1st St,sold,114057,5,3,1549,33.41923363713667,-111.94710380321943
7654,673 7th Way,pending,227004,4,1,2741,33.52507583868116,-111.95258244654865
7655,680 Pine Rd,sold,125603,5,3,2071,33.470082136488244,-111.94771958065995
7656,495 3rd St,sold,168959,3,2,1505,33.38139097124753,-112.14705670750423
7657,433 Indiana St,active,269456,2,2,3236,33.45658941628991,-112.03555816417247
7658,641 Mission Way,pending,200489,3,2,2309,33.3644048328719,-112.04367771154324
7659,466 Post Cir,pending,184107,2,2,3882,33.48130476386157,-112.21795411458973
7660,633 9th Cir,sold,266849,3,3,3144,33.55397617782013,-112.35806343070514
7661,250 Wall Blvd,active,200547,5,2,2737,33.45043926428416,-112.05883349572863
7662,597 1st Wl,pending,177318,5,2,2311,33.52711696738572,-111.91681819727982
7663,555 Bush St,pending,261382,5,1,3452,33.47570543946315,-112.00474677682074
7664,590 3rd Wl,pending,204120,5,1,3588,33.44914596859282,-112.14008796655328
7665,790 8th Ave,sold,192082,2,3,1124,33.43782342346263,-111.92666329518497
7666,356 6th St,pending,143790,2,1,2710,33.47447697430999,-112.30580808451698
7667,576 1st Ave,sold,240631,2,3,2497,33.55367413042251,-112.26498432332625
7668,427 Geary Wl,active,252576,4,1,2804,33.47107377710478,-111.90359306264443
7669,253 Walnut Vis,sold,231991,5,1,3106,33.45733986929042,-111.99468593880955
7670,112 Euclid Vis,active,169064,4,2,2369,33.478815567422345,-112.25075429141339
7671,581 Mission Trl,pending,184500,2,1,1455,33.51394122099627,-111.93888624196168
7672,694 Euclid Rd,sold,280152,3,3,3386,33.37531629043211,-112.16544461401158
7673,13 Wall Vis,sold,140997,5,3,3452,33.367603755148124,-112.05074688902614
7674,670 Page Pl,pending,201056,4,2,1987,33.48891566276376,-111.95462855317821
7675,62 3rd Blvd,pending,289600,5,3,1942,33.42227231498979,-112.25378279582488
7676,461 2nd Way,active,155411,2,3,2476,33.430867383758965,-112.08706803320118
7677,555 Wall Trl,active,239671,2,3,2838,33.42425817946274,-112.02463322000888
7678,531 Blake Blvd,active,209493,4,3,1754,33.49175452959266,-112.18879386820673
7679,798 6th Wl,pending,260539,5,2,2326,33.39485848985623,-111.87913685691059
7680,466 Texas Ave,active,151892,5,3,2866,33.561901329812315,-112.02518494275179
7681,161 1st Pl,active,165176,3,1,3954,33.38205738253388,-111.9560426417913
7682,154 6th Vis,active,246606,4,2,3767,33.580961613080625,-112.17150581562544
7683,329 5th Trl,active,155483,4,3,3118,33.54024325519434,-112.33195688442352
7684,472 5th Way,active,152627,2,2,2199,33.5178833889145,-111.89685043482216
7685,555 2nd Vis,active,216822,5,1,1133,33.55868683302533,-112.20865863656546
7686,419 Wall Pl,active,256748,3,2,2526,33.41859566252542,-112.2550097797524
7687,170 9th St,active,157762,5,2,2665,33.363163998464685,-112.12200569928412
7688,79 2nd Dv,active,103470,3,3,1555,33.54865659356078,-111.97065474344282
7689,321 Post Cir,sold,216315,4,2,3786,33.58517264958643,-111.8948467949185
7690,280 Geary Trl,pending,120289,4,3,2069,33.43694253864952,-111.98509076691344
7691,115 1st Dv,active,176966,4,3,3450,33.46734258012963,-112.11007657031823
7692,522 Euclid Blvd,active,274967,2,3,2389,33.49757300103831,-112.08033485875906
7693,273 Sutter St,sold,180702,5,1,1529,33.369134281556775,-111.92306836710812
7694,280 1st Wl,pending,221565,4,1,3739,33.374442133977404,-112.09595943909261
7695,722 2nd Cir,sold,202892,2,3,2563,33.45863524255575,-112.31489830282271
7696,345 4th Dv,sold,265025,3,2,2940,33.55325190488799,-112.08828166644707
7697,130 Sutter Wl,pending,223332,2,2,3479,33.58108758879895,-112.12319470823512
7698,523 Turk Way,pending,286427,3,3,2761,33.39102666198897,-111.89090178406312
7699,424 Turk Wl,pending,256327,2,1,3907,33.47916734859658,-112.30308278132384
7700,96 Indiana Wl,active,149172,3,2,2478,33.554565948273606,-112.34289438553353
7701,739 Post Ave,pending,151700,3,3,3184,33.5695155657188,-111.95354957205353
7702,194 Turk Pl,active,268449,2,3,1963,33.39081555720943,-112.0022044925819
7703,433 Indiana St,active,207309,2,3,3255,33.52485934000468,-112.26489152842865
7704,522 Mission Vis,pending,290432,4,1,3871,33.37287286326577,-111.97610697636864
7705,710 Indiana Dv,active,172817,4,1,2692,33.52951531655647,-112.13000529135054
7706,49 Page Pl,pending,252904,4,3,2652,33.42932058861823,-112.24522425100926
7707,753 Euclid Cir,sold,279545,5,2,3816,33.420448044394945,-111.9836596744658
7708,138 6th Ave,sold,270828,4,2,2860,33.3668985350105,-112.09036771827506
7709,498 Walnut Wl,active,102301,4,1,2942,33.41171191363513,-112.31954344320789
7710,93 3rd Rd,pending,226809,3,1,2833,33.43541005044092,-111.88382862676214
7711,703 Turk St,active,163564,4,1,2212,33.545088911304916,-111.99322122742058
7712,697 Wall Way,pending,209117,2,3,3677,33.545272041452904,-112.1614722489785
7713,538 Franklin Trl,active,256194,5,3,3564,33.37165063276497,-111.91962627731681
7714,92 3rd Way,active,166771,2,2,1193,33.53133654885444,-112.09015346414942
7715,363 California St,pending,183352,5,1,2662,33.40392091585329,-112.16817972610757
7716,356 3rd Blvd,pending,143569,3,1,2952,33.39766561698219,-111.94055351265943
7717,94 Turk Blvd,sold,291509,5,1,2076,33.42353945572991,-112.2361851137895
7718,127 Mission Wl,sold,202505,5,2,2215,33.459054454077034,-111.87274965629804
7719,101 Turk Dv,active,140818,3,1,1369,33.567002272892836,-111.8922544410654
7720,690 3rd Trl,active,271179,3,1,1539,33.59328612592048,-112.17444739202364
7721,118 Bush Way,sold,274098,4,3,2834,33.46886776912669,-111.93145845980776
7722,620 1st Rd,active,262517,4,1,1371,33.42519766133726,-112.2803487174815
7723,186 California Ave,sold,203592,5,1,2235,33.45247109430322,-111.89656377965328
7724,405 8th Dv,active,123095,2,2,2998,33.57763223701512,-112.25803236397368
7725,748 7th Trl,sold,176760,4,2,1232,33.38649282947945,-112.1298643427019
7726,368 9th Rd,active,220163,5,2,3949,33.36523290430732,-112.0360991401421
7727,478 9th Vis,active,245703,2,3,3081,33.50292252818953,-112.33598156060985
7728,578 Blake Ave,pending,268729,5,2,1000,33.41247393122275,-112.28081635991761
7729,71 1st Pl,sold,299213,4,2,3468,33.40952211644184,-111.90680692146341
7730,746 2nd Trl,sold,214291,2,2,1830,33.49527843374508,-112.02717058025524
7731,162 8th Blvd,active,265666,4,3,1529,33.47678058922698,-112.29948860766572
7732,291 2nd Ave,active,195015,5,3,1617,33.51786119215003,-112.31675557388947
7733,50 Wall Ave,sold,140604,2,2,2036,33.478642368040845,-112.30157417121882
7734,190 Franklin Cir,active,204250,4,2,2721,33.56465646203194,-111.94859793379055
7735,396 9th Trl,sold,248260,4,3,3291,33.448207318942046,-112.04674963287394
7736,416 4th Pl,active,272980,5,2,3120,33.4472310581359,-112.0269067386925
7737,604 7th Vis,sold,121140,3,2,1323,33.516540253449676,-111.99437041815507
7738,541 Mission St,pending,165485,3,1,1905,33.540111493846396,-112.26896021050705
7739,627 5th Trl,active,236289,3,3,1513,33.52504414322812,-112.30629719983884
7740,317 2nd Cir,active,260085,2,3,2155,33.393687600981515,-112.1941222252559
7741,560 Texas Trl,pending,200963,2,2,3300,33.5073274443271,-112.05043195627668
7742,446 Sutter Trl,active,212424,5,1,3658,33.43127454906824,-112.19576646492925
7743,130 7th Way,sold,257273,2,1,2260,33.412374144581975,-112.07983087506386
7744,777 9th Vis,sold,202072,3,2,1918,33.57645698341598,-112.16480405948911
7745,743 Turk Way,active,105069,3,1,2851,33.426004896355586,-111.93318455100044
7746,53 Page Blvd,pending,156929,4,3,3118,33.42428640674513,-111.92562146263384
7747,252 4th Pl,sold,156481,5,3,1708,33.47636695078416,-112.03867335419608
7748,177 8th Blvd,sold,135761,5,1,3269,33.46070989221796,-112.0296023364852
7749,675 1st St,sold,202206,5,2,2183,33.398721906045125,-111.98867530540997
7750,287 Bush Wl,active,160269,5,2,3090,33.546005233547845,-112.30883559570125
7751,177 Wall Blvd,pending,178505,4,1,2615,33.39522115839722,-112.35632481399361
7752,128 Turk Rd,sold,170009,4,1,2039,33.41269772428677,-111.9340699885309
7753,773 7th Cir,pending,110492,2,3,2166,33.58653971306601,-112.22628585994606
7754,229 Geary Dv,active,211176,2,1,3869,33.466169999796584,-112.32951677782616
7755,531 Turk Way,pending,226840,2,1,1850,33.411957065175265,-111.8801962507026
7756,350 6th Trl,pending,210554,2,1,2034,33.385779515361044,-112.28320933781892
7757,482 Page Rd,active,256801,4,2,3617,33.439507068216486,-112.22986865898443
7758,577 Walnut Wl,sold,281405,2,1,1849,33.55212716110274,-111.9832963905724
7759,425 Franklin Vis,active,221442,4,1,2718,33.4644862466375,-112.2996144859413
7760,53 2nd Rd,sold,112203,4,3,3510,33.443001363417764,-112.0324678198792
7761,716 Wall Dv,sold,194411,4,3,1204,33.53775716892669,-112.10939618859757
7762,761 5th Vis,pending,193006,4,3,2195,33.47597085441071,-111.93590237202518
7763,709 Page Way,sold,296265,2,1,2261,33.492061673199636,-112.12252801964277
7764,552 Sutter Pl,active,294470,3,3,1256,33.3945323338132,-112.02817483214963
7765,272 3rd Vis,active,242913,5,1,2153,33.37283915054029,-111.90594114701136
7766,161 8th Cir,pending,141227,3,2,3242,33.56253128698333,-112.01721954472372
7767,288 Wall Cir,active,115705,4,1,3848,33.45075686880752,-112.20634445289238
7768,93 1st Trl,active,287196,2,3,2915,33.392045206286895,-111.90042465435714
7769,686 6th Pl,active,200568,4,2,3555,33.49526852996011,-112.08819410250682
7770,518 4th St,sold,263029,3,1,1881,33.375709889167815,-112.08558279956667
7771,647 Wall Dv,sold,196780,3,1,3032,33.451031863494684,-111.99520509338622
7772,363 Sutter St,sold,159322,4,3,2573,33.586550881111,-112.1581539288894
7773,122 Bush Way,active,152828,2,3,1640,33.56024985401646,-112.20322517955519
7774,334 Mission Way,active,218712,3,3,1818,33.376347833845514,-111.98795347805736
7775,123 8th Wl,sold,215691,5,1,1486,33.46620102939522,-112.35350299080777
7776,691 1st Way,sold,182186,3,3,1798,33.53451093362032,-112.28144668385347
7777,503 1st Blvd,active,239509,3,2,1782,33.49854945976796,-112.34798958870067
7778,39 Texas Wl,pending,138386,3,3,3498,33.558942867585614,-111.91350093296185
7779,373 Indiana Rd,pending,245394,3,2,3639,33.396743845505256,-112.11249150314077
7780,45 6th Blvd,active,257779,5,3,2601,33.59135146050197,-112.28362511408403
7781,186 5th Trl,active,130991,5,3,3555,33.396983118946714,-112.35451344659285
7782,162 6th Vis,active,133359,4,3,1722,33.36837623574356,-112.19884139287167
7783,496 Pine Wl,sold,232962,4,3,3791,33.45301884656733,-112.22383367517281
7784,352 5th Way,active,107648,2,3,2709,33.589706716713756,-111.98947462760523
7785,424 Bush Dv,pending,150881,3,2,1739,33.46321341811543,-112.00005908084357
7786,268 Indiana Way,sold,281281,3,1,3625,33.475213107103734,-112.34425865688308
7787,616 3rd Dv,active,113540,4,1,3996,33.5104613418878,-111.98163241031199
7788,755 8th Blvd,active,276125,5,2,1179,33.55997530346243,-112.2416366714636
7789,144 Indiana Dv,sold,213052,4,1,2310,33.588321857016076,-112.3151677981688
7790,33 Page Rd,pending,231509,5,2,1998,33.40376782507471,-112.03962068174357
7791,300 5th Vis,active,238651,5,2,2059,33.58275826065404,-112.03286645654593
7792,146 Pine Dv,pending,161218,2,2,1562,33.45219036441564,-112.07905508337087
7793,433 Pine Trl,pending,201887,5,1,1404,33.39045454966181,-112.16522305014054
7794,235 Wall Dv,sold,207151,3,1,1916,33.50258148248744,-112.17785138043004
7795,391 Texas Way,sold,147473,3,2,2192,33.408761173442336,-111.88649825219437
7796,363 Geary Vis,sold,198455,5,1,2947,33.432346359361716,-112.06493858061367
7797,632 Turk Cir,pending,217073,4,1,3697,33.395303659056616,-111.89169588008693
7798,513 Sutter Cir,active,125563,2,3,2028,33.46111333901513,-112.1290376205546
7799,766 5th St,pending,167771,5,1,2485,33.57005135084143,-112.16356882162778
7800,517 Blake Rd,sold,165459,4,1,2686,33.45055142946114,-112.21679728932321
7801,259 Sutter Pl,active,251103,5,3,2302,33.36258258790702,-112.10490486773635
7802,69 Texas Pl,sold,168848,3,1,2164,33.565510401818386,-112.2495559488533
7803,594 Blake Cir,pending,257517,5,1,1964,33.413497684242415,-112.29278600049513
7804,576 Texas Way,pending,209379,5,2,1444,33.4908770534306,-112.21794293511971
7805,474 California Ave,sold,288974,5,1,2933,33.44912118898854,-112.35112402611446
7806,483 Post Ave,active,236201,2,3,3011,33.47938411975099,-111.93283527998983
7807,508 Post Ave,sold,139922,4,1,2717,33.544461449548,-112.21511070049445
7808,156 Texas Cir,active,242341,3,1,3235,33.41613609650887,-112.2965318176305
7809,75 Turk Pl,sold,125679,4,3,1867,33.45711972014564,-111.99398883468392
7810,158 Euclid Wl,sold,209620,4,1,3413,33.49084862579984,-112.18307619629398
7811,63 3rd St,sold,175337,3,3,2010,33.38624812481682,-112.18457067455927
7812,591 6th Way,pending,163534,3,1,2978,33.42085819683665,-111.89961371220495
7813,100 5th Cir,sold,284307,3,1,2585,33.40768930924283,-112.01545579288643
7814,218 Franklin Blvd,pending,253083,3,2,2913,33.363894781193125,-112.34730146061325
7815,593 4th Ave,pending,156424,5,1,2425,33.43736914568093,-111.98139999472185
7816,28 Turk Rd,active,288642,2,1,1874,33.43433817954055,-112.00123056631527
7817,541 8th Ave,pending,260117,2,1,3412,33.39481865933033,-112.30385261269225
7818,141 Franklin Blvd,sold,247772,3,3,3179,33.49469660204114,-112.0732608101147
7819,105 8th Cir,pending,150772,3,2,2777,33.40315799714221,-111.91818411350962
7820,150 Wall Trl,active,294762,4,1,3316,33.418831684837095,-111.95192637055452
7821,170 Page Rd,active,286869,3,1,3916,33.45840530425544,-112.36142842769424
7822,184 3rd Ave,active,104814,2,2,3112,33.393449887302715,-112.33482375238233
7823,27 9th St,pending,199734,5,1,1852,33.579989579097415,-112.1555197913477
7824,684 1st Trl,active,124117,4,3,3920,33.43248121311966,-112.03579918276253
7825,419 Page Vis,active,283902,4,3,2035,33.575069895505344,-111.97244844849061
7826,557 8th Pl,active,111748,5,2,3688,33.372158974492976,-112.09352156070108
7827,351 Sutter Ave,pending,121228,5,3,2854,33.43567804167491,-111.90675546705985
7828,783 9th Rd,active,139621,5,2,3558,33.42572896864818,-111.98018393414706
7829,401 3rd Cir,sold,179609,4,3,1062,33.38184826617172,-112.05671538707078
7830,654 Indiana Blvd,sold,177273,2,2,2648,33.57934346912801,-111.97242480902104
7831,343 Pine Cir,active,223066,5,3,3772,33.51873808175188,-112.07990785879493
7832,530 Pine Cir,sold,144728,3,3,3552,33.409102046161784,-112.01057126218753
7833,553 Pine Ave,pending,180301,2,2,3210,33.587203748445695,-112.10695713975008
7834,640 Texas Vis,pending,273069,5,3,1296,33.53135669610937,-111.97722424488356
7835,76 6th Rd,sold,152951,3,1,1592,33.39200145900165,-112.34822282375463
7836,10 Turk Pl,sold,176642,2,2,2942,33.519957910196766,-112.09132547819827
7837,146 2nd St,active,206595,2,1,3193,33.499896299809606,-112.01783017206704
7838,151 Walnut St,pending,294487,2,1,3553,33.43913414383565,-112.22921820069992
7839,793 1st Vis,pending,117749,4,3,1350,33.41390532491168,-112.13407202704076
7840,225 1st Ave,pending,146446,5,3,2403,33.367766636484596,-112.34183525231066
7841,85 8th Vis,sold,112655,3,1,3061,33.56509390269315,-112.2924582153799
7842,468 8th Ave,active,265987,5,2,2452,33.554271457215044,-111.94841401331878
7843,331 California Ave,active,111194,4,2,1763,33.40412697219985,-112.04895366463386
7844,763 Walnut Ave,active,239570,3,1,3499,33.49550470308635,-112.24847086568819
7845,164 Indiana Pl,active,151940,5,1,2536,33.470687734757476,-112.27863338500072
7846,521 Indiana Vis,pending,157166,2,3,2401,33.363031464893766,-112.35874789369123
7847,379 Bush Pl,sold,195208,3,2,1531,33.45019531401849,-112.18058950037243
7848,746 Texas Trl,pending,262472,3,3,2761,33.44937085703163,-112.30139849137984
7849,696 Franklin Cir,active,233841,5,2,3767,33.484102740389574,-112.33549311136865
7850,224 7th Rd,active,266759,5,2,2754,33.57325414369304,-111.96709477272984
7851,430 Bush Blvd,pending,217317,4,1,1221,33.52951049501871,-111.99479422526537
7852,132 Bush St,active,203191,4,1,2129,33.541326234639286,-111.92568624887184
7853,525 Mission Pl,active,202711,4,2,2774,33.41721147649834,-112.09733216842548
7854,313 Blake Dv,pending,281926,5,2,3009,33.36145634495172,-112.27212524649586
7855,394 California Blvd,active,202929,4,1,2228,33.4622891476884,-112.29377718094317
7856,451 Franklin Dv,pending,194530,3,1,2772,33.55588040949906,-112.10749072167279
7857,109 Geary Trl,sold,238335,2,3,1407,33.37210675701144,-112.15436993187268
7858,23 Walnut St,active,220212,2,3,2343,33.576521439673,-111.8741578767379
7859,773 Blake Blvd,pending,251570,3,2,1488,33.391373934781896,-111.93664021138028
7860,600 Pine Cir,active,106259,5,2,2658,33.513343054459355,-112.2931661643721
7861,706 Turk Blvd,sold,188221,3,2,3726,33.46074061903317,-111.97842300048374
7862,89 Post Ave,pending,122263,3,3,3775,33.54341002734188,-112.08073542774041
7863,726 3rd Wl,pending,102006,4,1,1403,33.448754395055516,-112.22093939437262
7864,719 Indiana Dv,active,298203,2,2,3361,33.557481704321866,-112.23348111141304
7865,359 6th Wl,sold,297639,3,2,1531,33.429141713869825,-111.94868977725547
7866,556 Page Way,pending,238437,2,1,1416,33.471104269326695,-111.95803431983178
7867,581 9th Trl,pending,129578,3,2,1781,33.38812027821066,-112.1157311303338
7868,540 7th Rd,active,153270,4,1,1142,33.51325396491054,-112.01771758476228
7869,272 Texas Pl,pending,140318,5,2,3168,33.50935730778201,-112.26778881964717
7870,454 2nd Rd,pending,218500,4,3,1832,33.45664023759188,-112.35565165463464
7871,367 Pine Dv,pending,135112,3,2,1001,33.46031995041865,-111.88869029823438
7872,162 5th Trl,active,176214,3,2,2626,33.4505813680659,-112.08375007458878
7873,346 Turk Pl,pending,122152,5,1,3476,33.41349188350608,-112.3003357599265
7874,193 3rd Vis,sold,183406,4,3,1828,33.37324783020918,-112.28149200619399
7875,710 Post Vis,active,195036,4,3,2247,33.481658475052605,-111.91080776057339
7876,464 Franklin Trl,active,186200,3,2,3263,33.50161455285156,-111.87436409235161
7877,527 Texas Way,active,298025,2,2,1287,33.4607915252445,-112.05361764255018
7878,84 Mission Trl,pending,251403,2,1,2491,33.447606689306966,-111.95270558750452
7879,152 4th Pl,pending,147111,2,3,1934,33.57456015395393,-112.02487657864185
7880,422 4th Rd,sold,179669,4,1,2670,33.593410285221644,-112.13111369841972
7881,428 California Trl,sold,226426,2,3,1638,33.59254026558929,-112.34930554319416
7882,51 9th Cir,pending,247210,4,1,2021,33.520950343062395,-112.16612839302242
7883,10 Pine Way,sold,213368,5,1,2940,33.406350764007435,-112.32378129949662
7884,510 Geary Blvd,pending,225227,4,1,1461,33.46518471210751,-111.89712758252244
7885,57 Indiana Cir,active,277829,3,1,3346,33.45042883000362,-112.09693400797184
7886,440 1st Pl,pending,106730,3,3,1725,33.47563425541557,-112.34862983947275
7887,202 9th Pl,active,185411,2,1,1171,33.434508246031115,-112.27993903145166
7888,588 California Pl,sold,230400,5,2,1002,33.541789940172464,-112.0317409946021
7889,414 Bush Cir,active,221879,4,1,1328,33.459221170118106,-112.24954700982619
7890,576 Mission Rd,sold,290189,5,2,3694,33.511201620075006,-112.08104380200088
7891,486 Blake Trl,active,175142,5,1,2577,33.40514414507024,-112.00066245582939
7892,691 7th St,sold,143950,5,2,1564,33.420528663475444,-111.94570790215452
7893,266 Euclid St,active,104101,2,3,1048,33.53001915374447,-112.23188358969746
7894,488 Sutter Rd,active,217064,4,3,2548,33.38608854886278,-112.31428161220802
7895,232 Franklin Wl,active,180946,5,3,3508,33.52486344683476,-112.14007929093512
7896,373 Blake Vis,active,122726,4,2,1937,33.39539017955846,-111.91156046597547
7897,110 Pine Trl,pending,274788,3,3,3370,33.53296864426174,-112.00940305497674
7898,46 4th Rd,sold,146560,5,2,3848,33.44341409100124,-112.21048813145609
7899,640 Pine Wl,sold,270166,3,2,3402,33.49784087890005,-112.10019529739928
7900,691 Texas Trl,sold,189998,5,2,1884,33.58506084264987,-111.92157547119542
7901,712 8th Blvd,sold,112537,3,3,1017,33.535018205945164,-112.34114348095805
7902,24 California Vis,active,235500,2,3,2534,33.4936148972288,-112.10099383595544
7903,66 Euclid Pl,active,163399,2,3,3041,33.43365086765344,-111.97543720718384
7904,81 2nd Ave,sold,123231,3,2,3281,33.58976147210479,-112.2726325086583
7905,196 Mission Dv,pending,254085,5,3,2233,33.479439180515826,-111.96899845066801
7906,169 1st Way,pending,254501,2,1,1131,33.520000515497415,-112.02990819649145
7907,188 4th Pl,active,114823,4,2,1367,33.434301945570795,-111.87263341054103
7908,382 Wall Wl,pending,284684,5,2,1959,33.55902271664808,-111.92738913473946
7909,406 Indiana Rd,sold,183673,5,1,3886,33.38717123787369,-112.33511857315494
7910,23 1st Trl,active,181273,4,2,2027,33.48691169197149,-111.94590691992136
7911,88 6th St,sold,131417,5,3,2080,33.37914729832278,-111.98939249819615
7912,426 8th St,pending,187239,4,3,1216,33.54254236146772,-111.90877770188243
7913,60 Texas Wl,active,280647,4,2,3910,33.58567327201375,-111.96026815177
7914,768 9th Pl,active,221154,2,3,2195,33.50021578157545,-111.99486616247982
7915,465 Walnut Blvd,pending,132632,5,1,1680,33.36946623154977,-111.93498670744351
7916,646 Walnut Pl,pending,237603,5,2,2410,33.49773578152321,-112.3471642626652
7917,499 Walnut Cir,pending,136019,4,2,1195,33.556333869360685,-112.11552058490588
7918,679 Post Pl,pending,227168,4,3,3063,33.50189610778125,-111.87786907591064
7919,441 Franklin Way,sold,267607,2,1,3411,33.46347452047504,-112.18633516101582
7920,416 3rd Blvd,active,226254,2,1,2143,33.424595437813366,-112.11353989897034
7921,308 5th Vis,pending,248614,5,2,2038,33.535389259330934,-112.14225286729716
7922,39 Post Dv,pending,292544,4,2,3324,33.47471196684766,-112.03761742609983
7923,291 1st Trl,pending,184672,5,2,2142,33.395817811658624,-112.3249556529911
7924,677 1st Wl,active,220805,5,2,1432,33.519694444017844,-112.2097861011079
7925,492 8th Rd,pending,189656,3,3,1332,33.55934894985831,-112.1079199614907
7926,167 Turk Trl,active,191364,3,1,1737,33.411371685293325,-111.87552025765201
7927,220 Pine Vis,active,261006,4,1,2004,33.51451264691592,-112.13984365579581
7928,210 6th Way,sold,191300,3,2,1755,33.58478967976297,-112.17521324697219
7929,557 1st Wl,active,250004,3,1,1130,33.4325675496072,-112.15822303070307
7930,429 4th St,pending,238245,2,1,2288,33.36977620742609,-112.12788464264553
7931,568 Bush St,sold,253095,2,3,1228,33.36629075438029,-112.1951994539645
7932,242 Turk Dv,pending,201479,4,3,2286,33.41026330194622,-111.9875639242961
7933,367 1st Blvd,sold,237841,3,1,1002,33.54797269819622,-112.30937445895505
7934,208 1st Rd,sold,297135,3,2,2727,33.552829755574095,-112.04434243973446
7935,59 5th St,active,274954,2,2,3233,33.501620765259524,-111.93855411281517
7936,784 Sutter Pl,pending,183477,2,2,2739,33.5789439636226,-112.35159421358597
7937,144 Mission Rd,active,219060,2,1,3828,33.42106344631306,-111.93269639330703
7938,388 Franklin Pl,sold,167098,2,3,2082,33.37068898927399,-112.2790800984519
7939,88 Pine Cir,pending,170205,5,2,3750,33.458706190303005,-111.87559040100528
7940,762 1st St,active,225671,5,1,3879,33.524044036112294,-112.02369688949415
7941,163 2nd Rd,active,128326,3,3,2405,33.5838610886225,-112.12573310048333
7942,194 Texas Way,active,184575,5,1,1399,33.53205091242814,-111.99077494661599
7943,341 1st Trl,active,262222,3,3,1372,33.529396608350176,-111.93355607636126
7944,510 5th Blvd,active,137263,3,3,1303,33.52393522339059,-112.25298776235742
7945,623 Post Wl,sold,244904,3,3,2672,33.50661509598463,-112.23648458135422
7946,750 2nd Blvd,active,232429,5,3,2198,33.44673612878725,-112.06760568262159
7947,235 3rd Wl,active,236440,3,2,2216,33.40111360164556,-112.34721946018627
7948,640 Turk Rd,active,291011,5,3,2899,33.42993617383928,-112.05396304636754
7949,53 7th Way,pending,219305,4,1,1176,33.36603785748552,-111.87227521334619
7950,214 Sutter Way,sold,222335,3,2,2915,33.36798520973744,-111.87450935697308
7951,43 Geary St,pending,295773,2,1,1530,33.56613271932031,-112.2726066763258
7952,125 Texas Vis,pending,192292,3,1,1002,33.484965949912926,-112.19592725170062
7953,237 9th Wl,active,130783,3,3,3110,33.57279735914611,-111.91980704078702
7954,107 7th Pl,sold,157786,2,2,2292,33.366439323987905,-112.16240309474544
7955,462 Franklin Cir,sold,219354,4,1,2989,33.36806689657177,-112.21063442149736
7956,762 6th Pl,active,277517,3,1,2445,33.444805232969074,-112.2482363719529
7957,409 Bush Vis,pending,264003,2,1,1452,33.45892550921286,-112.30894772970686
7958,330 Geary Wl,pending,105436,4,2,1047,33.40728060228447,-112.16090628345091
7959,763 6th St,active,255132,3,3,1532,33.36531240469248,-112.10583586181909
7960,715 Euclid Blvd,active,181529,5,3,1870,33.37955570075771,-111.89426337742088
7961,572 Indiana Rd,active,234820,3,1,3070,33.59179283988087,-111.96476635575506
7962,729 2nd Way,pending,225578,2,1,1422,33.40796987817438,-111.996044779958
7963,266 Euclid St,active,191797,5,2,1134,33.38416057108155,-112.3558655823028
7964,356 6th St,sold,202823,5,3,1528,33.394527468429516,-112.22003295836967
7965,264 Euclid St,pending,147420,3,1,1007,33.55064489589448,-111.91297903836377
7966,74 Blake Wl,pending,191051,2,2,3847,33.38095308525355,-112.22643480536053
7967,716 Franklin Cir,pending,197983,2,3,2196,33.54752962344278,-112.02229639423375
7968,592 Blake Vis,sold,265630,5,2,2339,33.506221133609984,-112.04811397717322
7969,351 6th Ave,active,114081,4,2,3941,33.404166250972935,-111.9161451174183
7970,315 Sutter St,pending,179459,3,2,2589,33.57440176659771,-112.29620100175248
7971,96 Euclid Ave,active,284618,2,1,3645,33.50911502668254,-112.21847602700123
7972,645 Walnut St,active,162433,5,3,1087,33.512666096252374,-112.11535726546042
7973,450 Pine Dv,pending,290237,4,3,3441,33.437009378294654,-112.26965997386283
7974,438 5th Wl,sold,213761,4,2,2758,33.55320795263566,-112.06380201617388
7975,691 Walnut Blvd,pending,175968,3,3,2718,33.52754803819842,-112.14256141043919
7976,374 Euclid Dv,pending,148265,3,3,3320,33.56672881996176,-112.11660559599432
7977,480 8th Wl,pending,160269,3,1,1351,33.57498002199849,-112.26371877345528
7978,20 Post Dv,pending,110462,2,2,3064,33.54653793999552,-112.03538377228703
7979,586 Sutter Trl,sold,117022,5,1,2252,33.454338740117166,-111.98601947125513
7980,589 5th St,pending,177042,4,1,1089,33.384464341570265,-112.28722801900668
7981,618 Indiana Pl,pending,130226,4,3,2362,33.41033961916124,-112.17299982087437
7982,571 Post Pl,active,124987,4,3,3297,33.360989105041426,-111.9676532729792
7983,51 3rd Dv,sold,108647,5,2,2051,33.42389343110628,-112.1635464891432
7984,295 8th Rd,sold,119163,4,2,1496,33.36469131205013,-112.29115234376627
7985,596 Bush Rd,pending,276475,5,3,2056,33.438676632804054,-112.06973585917629
7986,159 4th Way,active,170114,3,2,3518,33.46173774498306,-111.88761747712469
7987,101 3rd Trl,pending,255906,4,3,3529,33.585358871266436,-112.00301823322715
7988,154 Blake St,pending,109397,5,2,2541,33.4905901544321,-112.2673036307688
7989,229 Pine Pl,pending,267160,3,3,2855,33.47684739802202,-112.12745323620885
7990,74 9th Vis,pending,265158,2,2,1061,33.58650117954179,-111.91493949365085
7991,243 3rd St,active,125607,2,2,1276,33.49891390977218,-111.93960736382348
7992,248 Walnut St,sold,290859,4,1,1172,33.40377876901067,-112.31153410614672
7993,793 California Way,pending,276770,5,1,3132,33.46353289251597,-112.03669001994705
7994,29 7th Rd,pending,265621,2,3,3234,33.48013396267333,-111.89331906529432
7995,201 Indiana Cir,active,279377,2,1,3428,33.43855437110038,-112.19509538494049
7996,596 Euclid St,sold,131678,5,2,2485,33.53310606618321,-112.29106078220593
7997,679 Walnut Cir,pending,230821,2,3,1442,33.47310997749539,-112.24822590468722
7998,88 Indiana Cir,sold,144724,3,2,1736,33.551632009155796,-111.9168737917115
7999,345 6th Vis,pending,167471,2,1,2604,33.541296144020706,-112.22982643856145
