8000,472 5th St,pending,162390,4,3,3583,33.53616687241141,-111.95428834917064
8001,72 4th Rd,sold,283716,3,2,1453,33.494703779342935,-111.93949751788843
8002,561 Texas Dv,sold,200576,5,3,1371,33.579808309171945,-111.91061591662408
8003,673 Euclid Blvd,sold,131616,4,2,3396,33.49504489752378,-112.23237474842244
8004,530 1st St,sold,239041,3,1,2824,33.36319919164164,-112.13612703331697
8005,500 5th Wl,pending,114535,5,2,2127,33.44763058868033,-112.28519478584482
8006,146 Wall Rd,sold,199162,2,2,1045,33.37162207771616,-112.34940413482265
8007,353 Euclid Rd,sold,285388,3,2,2017,33.53137139398432,-112.35643419389731
8008,133 California Ave,active,197571,2,3,2886,33.38746390897354,-112.03712494606178
8009,117 Euclid Cir,pending,262964,4,1,1715,33.42003728251172,-112.20669803664107
8010,53 Geary Dv,pending,215943,3,1,3028,33.59363881165696,-111.94375347845764
8011,535 2nd Blvd,sold,116679,5,1,2943,33.36578060398101,-112.17726297380891
8012,422 Geary Trl,sold,193315,3,1,3955,33.36832156460451,-112.01745010427005
8013,232 2nd Way,active,177032,5,2,3914,33.56194837275509,-112.11005772305572
8014,652 Bush Blvd,active,124120,2,2,1388,33.40646290353414,-111.87890841808597
8015,416 Post Trl,pending,160401,2,1,3516,33.541503427313,-111.96518708616605
8016,181 3rd Vis,pending,239127,2,1,3871,33.50368156102651,-112.05997973361924
8017,258 Wall St,active,234676,4,2,1715,33.37932617586883,-112.21292835857932
8018,120 8th Vis,active,167420,4,3,2694,33.55902169435841,-112.10468521534277
8019,373 Mission Wl,pending,107881,5,1,3988,33.57059046654868,-112.10248203944576
8020,666 Pine Dv,pending,257000,5,2,1124,33.59197429926698,-112.2798227305999
8021,452 9th Ave,pending,121388,5,1,3749,33.590934432792146,-112.0243729931533
8022,141 Geary Vis,sold,204936,2,2,1965,33.55125339416081,-111.98229752426673
8023,483 Post Ave,active,169539,4,3,3302,33.458251594277534,-112.1447589863187
8024,598 Page Cir,active,144263,2,1,3688,33.56592007939091,-111.93921862965529
8025,683 9th Dv,active,267765,5,2,1293,33.45009457051447,-111.89698153379022
8026,129 Turk Rd,pending,138617,2,2,1304,33.49803091107041,-112.21871288053494
8027,719 Geary Dv,pending,195850,4,2,2351,33.3902010385874,-112.35110485504302
8028,229 5th Blvd,active,189520,4,1,3728,33.53484749666961,-112.23487664214453
8029,249 1st Pl,sold,213283,3,3,3843,33.535079570684985,-112.0279770736769
8030,548 5th Blvd,sold,237619,4,3,1574,33.37664218326836,-112.26603874122611
8031,91 Sutter Ave,pending,165998,3,3,3009,33.5374960511726,-112.23992020556098
8032,681 7th Cir,pending,187193,3,3,3748,33.464756356544385,-112.01285326754046
8033,619 3rd Cir,pending,157554,2,1,3041,33.43328698158601,-112.09712240767121
8034,795 1st Vis,pending,212639,4,2,2924,33.3875175660081,-112.3239073567366
8035,697 9th Ave,sold,148413,4,3,1143,33.42332362207187,-112.05347419671077
8036,642 Blake Blvd,pending,286389,3,1,2128,33.418899538108946,-112.34909304046535
8037,217 Sutter Way,sold,138567,5,3,1732,33.52459860870569,-112.15303429520908
8038,207 Texas Dv,active,292631,5,2,3327,33.38488191427876,-111.90904535894549
8039,471 Turk Ave,pending,109873,2,2,3789,33.415264875542206,-112.35527497494186
8040,109 Franklin Way,active,152711,4,1,1688,33.4264312601125,-112.30991237544323
8041,437 Bush Trl,active,128267,3,2,2755,33.392499739016145,-112.06341765461563
8042,657 Post Blvd,pending,193752,2,1,2570,33.39635971396985,-112.01805412846815
8043,584 Sutter Vis,active,149278,5,2,2114,33.4817701422881,-111.94934414998926
8044,671 Post Way,sold,114088,3,1,3351,33.50975137938524,-112.11010356417563
8045,200 Bush Way,active,163662,5,3,1167,33.376935491763135,-112.3085604154263
8046,100 Franklin Cir,sold,218773,3,1,3249,33.43204598476983,-112.08303962954992
8047,552 9th St,pending,241046,4,3,1020,33.55977051467889,-112.03423925034123
8048,400 3rd Blvd,active,109518,4,1,3193,33.41862237184959,-112.08737829628635
8049,390 Euclid Blvd,sold,236375,3,3,2973,33.38903739833065,-112.33381587378456
8050,739 6th Cir,active,131485,5,1,3449,33.54705665540871,-111.90347323935156
8051,17 Page Blvd,active,259103,3,1,2531,33.53228407197234,-112.0230425050048
8052,401 Walnut Trl,pending,251294,4,3,3126,33.478862949035154,-112.26901985598369
8053,726 Bush Ave,sold,218490,3,1,2443,33.45801804478729,-112.00978026057284
8054,458 Franklin Vis,sold,208674,2,3,2963,33.43589716782232,-112.285264109013
8055,420 Pine Wl,active,155962,4,1,2425,33.58656793645229,-112.11787967148994
8056,717 Page Blvd,pending,127145,3,3,3620,33.46266402706381,-112.10910438822678
8057,112 Post Dv,pending,293753,5,1,1056,33.52002603431731,-112.09723256034897
8058,477 9th Blvd,active,182263,3,1,1281,33.458559426537555,-112.02047362033927
8059,615 Bush Dv,active,145531,3,1,1578,33.440421766381846,-111.8935025192268
8060,178 Post St,pending,139447,2,2,2919,33.40972220410455,-111.8787918521219
8061,161 Indiana Vis,active,193797,5,3,2933,33.41717791553836,-112.20093759745708
8062,384 California Trl,active,120803,4,3,3296,33.514208271822746,-111.91607903787657
8063,714 Pine Pl,active,214834,4,1,2996,33.402844615580165,-111.9249917029145
8064,437 Mission Dv,active,286685,3,3,2790,33.36494351432419,-111.93005845875011
8065,490 California St,active,226249,5,3,2299,33.54389529651973,-111.95835091321462
8066,76 9th Way,sold,127332,2,1,3317,33.38281407787292,-111.92304021016649
8067,432 Blake Cir,active,209826,4,3,3092,33.366900819526116,-111.88229263378238
8068,553 Turk Cir,pending,221681,4,2,2187,33.3649014607338,-112.30755166400648
8069,639 Walnut Cir,active,128298,5,3,2852,33.417743739842386,-112.30695976494233
8070,731 Wall Dv,sold,106126,2,1,1553,33.55159902510047,-112.11698914395969
8071,224 2nd Dv,active,255803,5,2,1053,33.47380987115309,-112.20017087142405
8072,572 1st St,active,295939,5,2,1907,33.5492084850067,-112.27832986147767
8073,372 Wall Blvd,active,214647,5,2,3990,33.48287042066852,-111.9552027966987
8074,499 Page Blvd,sold,232807,5,2,2449,33.58096618290143,-112.19179032418735
8075,247 Bush Trl,sold,170883,3,2,3252,33.45223181748707,-112.17686743531456
8076,753 9th Blvd,pending,151855,4,1,1951,33.37876245520065,-112.35387793716588
8077,476 2nd Trl,pending,162806,2,1,3906,33.559089163350336,-112.12841468718997
8078,507 7th Dv,sold,169633,3,2,1028,33.56668827227674,-111.90567033886312
8079,608 4th Cir,active,194585,2,2,1879,33.39463253166229,-112.11990097462947
8080,621 Geary Cir,pending,130223,2,2,3758,33.583237912213555,-111.97251612706992
8081,331 Blake Trl,pending,171578,5,3,3050,33.38050325006188,-112.01037291103451
8082,554 Euclid Wl,pending,126984,2,3,3126,33.39825591102648,-112.31133144216619
8083,558 Indiana Wl,active,219800,2,2,2701,33.496819252169246,-111.90183227021551
8084,499 Mission Dv,active,255641,4,1,1610,33.44463134007606,-112.35252335406156
8085,549 California Ave,active,136788,5,1,3572,33.45835805888183,-112.10304248956245
8086,79 Indiana Vis,sold,196919,4,1,3898,33.3680255633636,-112.09418459831642
8087,285 Post Cir,active,285082,2,2,1298,33.380276289245145,-111.96035325611295
8088,655 Sutter Way,sold,271662,4,2,3231,33.45658044751003,-111.90020563092466
8089,772 Franklin Ave,active,114001,5,3,3692,33.48903461852727,-112.31839923461474
8090,548 Texas Pl,sold,207648,3,2,3666,33.43204189435508,-112.27670128239139
8091,733 5th Dv,pending,288025,5,2,1419,33.41743782006428,-112.24042614196932
8092,78 Geary Trl,active,127964,5,3,3075,33.46367013257716,-111.90086232085737
8093,513 9th Vis,sold,207369,2,3,1185,33.45658045615147,-111.99842393159112
8094,577 4th Way,sold,123644,3,1,2860,33.58612874427223,-112.15470067132337
8095,18 9th Trl,sold,125648,3,3,3586,33.56451165822195,-111.9768003431943
8096,171 5th Dv,sold,126214,2,3,3099,33.430101564738365,-111.8928076270981
8097,706 4th Pl,active,289226,2,3,3092,33.46281687090311,-112.01100461580594
8098,521 2nd Blvd,sold,219309,4,2,3375,33.40263067885615,-111.94712111103551
8099,406 Turk Wl,sold,134809,5,3,3009,33.53485715174854,-112.16756600742683
8100,673 5th Ave,sold,144062,4,1,2967,33.37902231533857,-112.13485141219084
8101,735 8th Wl,active,269744,5,2,2862,33.52123128035141,-111.91864947251338
8102,682 Wall Blvd,pending,272219,3,3,2835,33.53265882486591,-112.20003082354185
8103,784 Sutter Rd,active,143369,5,3,2442,33.378202597719266,-112.35224820458168
8104,656 Bush St,active,143731,5,2,3309,33.5730685675249,-112.33868314636099
8105,433 3rd Rd,pending,175817,4,3,2278,33.511033872308,-112.03132828362178
8106,535 8th Cir,sold,273585,3,1,1737,33.59400936066652,-112.25964200696909
8107,475 Euclid Cir,pending,282858,4,2,2934,33.37314453653005,-112.0559530537168
8108,39 1st Blvd,active,282285,4,1,3839,33.44675730814274,-112.0964406203207
8109,565 Geary Pl,active,207504,2,2,3851,33.58008587059183,-112.13075328439295
8110,391 Post Blvd,active,268610,3,3,3096,33.5396959265331,-111.95616285223444
8111,458 Geary Rd,active,263933,2,3,1887,33.47728035736108,-112.17352413589944
8112,374 1st Pl,pending,190437,3,3,3373,33.58076487567564,-111.90969556907167
8113,230 Turk Blvd,pending,133959,3,2,2398,33.381847986691824,-112.10479389593752
8114,369 Euclid St,sold,223018,3,3,2720,33.41758020187771,-112.01135889514204
8115,364 Page Ave,sold,250050,3,3,1437,33.39824595072287,-112.06967208375858
8116,617 Indiana St,pending,233446,5,3,3237,33.48079543862297,-111.912425669642
8117,365 4th Pl,active,289959,2,1,3999,33.57267359852592,-112.33720185790777
8118,316 Turk Rd,sold,143766,2,3,1163,33.58664318843226,-111.87935669374365
8119,502 7th Dv,sold,126643,4,1,3890,33.565163748445954,-112.0839342914209
8120,791 Franklin Cir,sold,131519,3,2,2766,33.37023475325034,-111.99492256290229
8121,378 Texas Dv,pending,193059,4,3,1203,33.40840335254631,-112.28928774300066
8122,69 5th Way,sold,225975,2,3,2512,33.44801596886451,-112.31916188421245
8123,266 Bush Way,active,298632,3,2,1656,33.41003757271768,-112.31942559391817
8124,229 Sutter Pl,sold,218806,2,3,1846,33.55619016578662,-112.18019799286964
8125,751 2nd Dv,pending,195236,4,3,1214,33.484065313382935,-112.19642183899289
8126,428 Blake Way,sold,230527,3,2,1754,33.45031765727,-111.90065834206467
8127,545 6th St,sold,241507,4,2,3637,33.58407197757464,-112.22785554655779
8128,279 2nd Vis,pending,223054,4,1,1683,33.580121243036196,-112.0753410294072
8129,193 Geary Trl,active,107612,3,1,3869,33.47529437895511,-111.88548477870363
8130,547 Texas Pl,active,109828,2,2,2308,33.4024062053705,-111.98772750139484
8131,200 8th Wl,pending,204609,3,3,2965,33.412536629769,-112.11620153266479
8132,342 3rd Wl,sold,232550,3,1,2845,33.500656519814235,-112.15834208839537
8133,131 3rd Cir,active,235426,3,3,3743,33.58927503986555,-112.31622552634565
8134,490 Sutter Dv,active,250068,2,1,3420,33.4607126974348,-111.99986188422926
8135,618 6th Rd,sold,287769,2,3,2792,33.47997026811024,-112.2649898025103
8136,373 Blake Pl,active,190810,4,3,2037,33.58721316295317,-112.32271877243147
8137,145 Wall Cir,pending,174856,4,1,2887,33.51537053207537,-112.11547640737155
8138,514 Walnut St,sold,169877,2,2,2625,33.49359200848191,-112.32541876959534
8139,328 8th Ave,sold,105153,3,3,3669,33.53757828635457,-111.88382399700532
8140,477 9th Rd,active,240689,3,2,1512,33.42250148739324,-111.96097048079116
8141,83 Euclid Pl,sold,172831,2,2,1665,33.571837874541,-112.00107221004295
8142,383 Page Vis,sold,283608,3,3,1041,33.50945712906067,-112.16952047270789
8143,498 8th St,active,245323,2,2,2792,33.41018343409019,-111.98823174225629
8144,12 Euclid Vis,pending,149031,5,3,2673,33.460301639361994,-112.15066027006723
8145,585 Blake Trl,sold,262088,5,3,1873,33.47355395430453,-112.3457342276609
8146,276 Turk Way,active,242408,5,2,2729,33.432273437562465,-112.08459894186838
8147,580 Sutter Cir,pending,254820,5,1,3429,33.54923154051228,-111.9897387827212
8148,635 Mission Blvd,active,260418,4,2,2441,33.59419145074586,-111.92445332002228
8149,785 9th St,active,221590,2,3,2326,33.53091508249895,-111.99100089401752
8150,600 9th Vis,sold,267440,2,3,2491,33.47915249346474,-112.32380837232438
8151,345 Mission Trl,pending,110133,2,1,1367,33.589489571896145,-112.03633685703176
8152,697 Euclid Cir,pending,201168,3,1,3448,33.39041579612683,-111.92997734256136
8153,376 Walnut Rd,pending,244728,2,3,1923,33.46334537669898,-112.30523921036497
8154,444 Blake Rd,pending,236145,2,1,1825,33.561232479510636,-112.05394430485242
8155,312 Blake Trl,sold,297437,5,2,3841,33.50623753753021,-112.19299957657778
8156,734 1st Ave,sold,208487,4,1,1138,33.51141616425623,-112.235623455548
8157,436 Texas Trl,pending,293454,5,3,3654,33.53296006353191,-112.1805862680554
8158,67 Indiana Pl,active,231605,4,3,3459,33.51877638629225,-112.06443750232445
8159,49 6th Vis,sold,227056,2,1,1725,33.44024140506375,-112.09457967142409
8160,173 Wall St,sold,254490,4,3,3458,33.48200148057088,-112.02687069415056
8161,777 Wall Rd,active,103444,5,1,2443,33.36600690934107,-112.30434741756652
8162,701 4th Vis,active,177775,4,2,1952,33.44050849927071,-112.3529135113749
8163,708 Wall Cir,sold,161600,2,2,2489,33.37385344619893,-112.26315206921083
8164,534 Franklin Dv,sold,106686,3,3,2966,33.50893590910247,-111.95395797804767
8165,205 Texas Way,active,257245,4,2,1912,33.464771882042236,-112.30382902428977
8166,110 Post Cir,sold,234525,3,1,2483,33.55787139429187,-112.24852401330271
8167,570 Indiana Cir,pending,169983,5,3,2444,33.37113346541921,-112.03581856990411
8168,473 7th Wl,pending,234498,4,2,2115,33.59020223757974,-111.98984466790927
8169,294 Euclid Rd,pending,256686,3,2,1049,33.584716953405504,-112.2694033729333
8170,342 Page St,pending,126226,2,3,1862,33.42516410500487,-112.33731735623356
8171,508 Geary Cir,active,283112,3,1,1176,33.48247918514559,-112.02464757679404
8172,306 3rd Trl,sold,179170,4,1,2926,33.442017357688925,-112.0304730097572
8173,422 Wall Rd,active,232486,4,2,1683,33.523428192797454,-112.35324040378846
8174,741 7th Wl,sold,234784,3,3,3204,33.55018342089296,-112.11996304544118
8175,619 Sutter Blvd,pending,233476,5,1,3569,33.51447120688986,-112.34699954479176
8176,381 7th Wl,sold,158224,3,1,3015,33.56159798591319,-112.0192003544925
8177,382 5th Cir,pending,151573,3,1,2511,33.371590704087495,-112.10705987147446
8178,793 5th Dv,pending,215062,3,1,3576,33.39628640595213,-112.13623663426797
8179,231 2nd Rd,sold,250932,4,1,1416,33.581772185433465,-112.25751791034821
8180,719 1st Rd,active,276427,5,3,1667,33.40060429288537,-112.11128989237106
8181,444 Mission Cir,pending,288153,2,1,1516,33.37800953642899,-112.25489330358886
8182,537 Mission Rd,pending,273029,4,2,1597,33.458295297345614,-112.08778658136072
8183,455 Texas St,active,153668,3,2,2832,33.43171950247046,-112.19041034145151
8184,719 Texas Rd,sold,274712,2,2,2469,33.46646130049052,-112.15134935295583
8185,310 3rd Blvd,active,152426,3,3,2147,33.37953858309205,-112.00158947786997
8186,387 4th Vis,sold,132671,5,2,2763,33.465324633683814,-112.01356789590693
8187,123 California Way,active,233962,3,3,1690,33.51222968860961,-112.01303983411762
8188,178 Euclid Cir,sold,223107,4,1,1732,33.39412597030765,-111.91410974957095
8189,301 3rd Dv,pending,252524,2,3,1444,33.36345520273904,-112.00722925592989
8190,391 Bush Vis,pending,250919,2,3,2210,33.398097182094034,-112.27417466158612
8191,107 Indiana Trl,active,258768,5,3,1597,33.405766150056685,-112.20290214274574
8192,260 Geary Pl,active,208926,4,3,3883,33.53728573760525,-112.2168446128729
8193,80 Page St,sold,248395,4,1,3149,33.54518610024683,-112.30618392041227
8194,590 4th Blvd,active,190869,4,2,2302,33.459898556770504,-112.2869624816497
8195,233 9th Vis,active,217544,5,1,2232,33.56965456154903,-112.18481578548783
8196,205 Indiana Dv,active,116157,3,2,2073,33.516800084304045,-111.99081609458901
8197,92 Wall Trl,pending,285845,5,3,2461,33.588297334639144,-112.07087991523008
8198,559 Indiana Ave,sold,234357,3,3,2250,33.377519995554636,-112.07880612635476
8199,389 Franklin Vis,pending,261746,4,2,1517,33.594070988297496,-112.17610158071922
8200,497 Turk St,active,120867,4,3,1857,33.44398459455136,-111.98217389664883
8201,261 9th St,sold,202085,2,1,1762,33.388974765031264,-112.10855041305055
8202,19 Franklin Way,pending,107269,3,1,3770,33.583120550161986,-112.24479841642999
8203,702 Sutter Way,pending,112187,3,2,3484,33.41260159143502,-112.26769741764039
8204,157 7th Rd,sold,188677,2,1,1109,33.48804920378788,-112.2154433156149
8205,316 1st Pl,active,215142,3,3,1653,33.51204242583859,-112.24464853765247
8206,572 Turk Blvd,sold,286352,2,3,3550,33.53025871550611,-111.9461891237056
8207,787 Franklin Blvd,active,144510,5,1,3232,33.47846603115894,-112.0071886734594
8208,617 Geary Rd,active,193381,4,1,2618,33.36451768504166,-112.10155183268577
8209,547 Euclid Dv,sold,252723,4,2,3764,33.511362379334344,-112.00152178391708
8210,758 2nd Trl,pending,265493,3,2,3230,33.49253290256387,-112.3300978719331
8211,84 Wall Dv,sold,184914,2,1,1013,33.582345449243505,-112.22002093833838
8212,373 2nd Rd,pending,291288,4,2,1991,33.504869942454796,-112.17900942235872
8213,626 6th Wl,pending,261962,5,1,1630,33.41185651214696,-111.89397783949019
8214,298 8th Cir,pending,290845,5,1,3089,33.40467518045105,-112.02170726485848
8215,531 1st Way,sold,160847,4,3,3717,33.55388323810906,-112.23921658490146
8216,790 Indiana Pl,active,146958,5,2,3135,33.526386707972065,-112.06086281441453
8217,317 3rd Ave,pending,165479,2,1,2269,33.45811624809025,-112.0480214244261
8218,420 Texas Rd,sold,195111,2,1,3324,33.36593397572689,-111.93372238109362
8219,26 Franklin Rd,active,272037,5,2,3570,33.363485238581866,-112.20672699132604
8220,299 Blake Cir,active,225846,3,2,2890,33.577291830068916,-112.10904830973081
8221,670 8th Cir,sold,214426,3,2,2943,33.4947462210805,-112.29219787288112
8222,458 California Wl,pending,127745,2,1,2191,33.550643178586284,-111.8857388472796
8223,331 Walnut Rd,sold,211674,2,1,3121,33.5710395640298,-112.10440108373217
8224,134 Texas St,active,107259,3,3,3015,33.46175771338022,-111.903163939997
8225,688 Page St,sold,109124,3,1,3732,33.57120962858091,-112.32070997148679
8226,286 Indiana Ave,pending,209762,5,3,3185,33.49506440535583,-111.9512964032942
8227,477 Texas Pl,pending,227702,2,1,3176,33.56395172150176,-112.29056038963148
8228,663 Turk Pl,pending,160742,5,2,1899,33.510520112334234,-112.00271291343704
8229,592 5th Rd,active,283929,5,1,1661,33.58653391887827,-111.8871735780071
8230,157 7th Rd,pending,197157,2,3,2282,33.4871933838947,-112.04673931608544
8231,164 California Trl,pending,278342,5,2,3081,33.39463029840772,-111.98641983891646
8232,288 7th Trl,pending,190175,3,3,1559,33.428212454101406,-112.30769830154958
8233,451 Page Dv,active,148132,3,3,1836,33.59003175073117,-112.12589810315075
8234,260 Sutter Ave,sold,189231,3,1,3811,33.54107116238279,-112.27165416665915
8235,179 Texas Pl,active,116318,2,1,1625,33.55383447136303,-112.13528442311822
8236,697 7th Pl,active,298783,4,1,3504,33.383419828017544,-112.04120454613472
8237,535 7th Dv,active,222413,5,3,3875,33.38289850151823,-112.15022879479335
8238,281 9th Dv,active,112927,5,3,1022,33.589037809148984,-112.32863492352843
8239,274 Bush St,pending,249691,4,3,2330,33.51108006121975,-112.1864189479003
8240,501 Geary Dv,sold,173176,5,2,3083,33.5806662488473,-112.14862438810343
8241,656 Blake Way,active,231882,4,3,1302,33.40253597955564,-111.97566781937724
8242,544 Turk Ave,active,100669,2,2,2568,33.530537189659206,-112.12285227297407
8243,434 California Cir,sold,107092,5,2,1902,33.53138149509574,-112.03764366194295
8244,210 Franklin Blvd,pending,295854,4,3,1584,33.396140123787056,-111.95031427180233
8245,87 Blake St,pending,191358,5,2,1520,33.46388566882808,-112.06554759089711
8246,704 Pine Ave,active,151593,5,3,2039,33.39316345207337,-112.29881467525648
8247,655 Walnut Trl,active,217961,5,2,2797,33.56898632196485,-112.33822483118514
8248,481 2nd Vis,pending,239237,5,3,3148,33.52478170347797,-112.09278321189207
8249,706 Mission St,sold,251502,2,1,3094,33.52658321874388,-112.01987901188043
8250,140 Euclid Way,pending,225006,5,2,1793,33.364056236198024,-111.89676721309158
8251,171 8th Ave,pending,239836,2,3,1560,33.368602729029654,-112.30169391981649
8252,71 Texas Way,pending,276309,3,2,2672,33.39998044411665,-112.18844548468716
8253,307 Walnut Blvd,active,254684,4,2,3909,33.43159515209869,-111.90450200215275
8254,86 7th Way,active,111009,2,2,1434,33.47047682069374,-112.2417020874408
8255,98 8th Blvd,pending,240770,2,2,1367,33.3756072417082,-111.91224621936225
8256,170 Indiana Way,sold,150400,3,2,3212,33.45265187262811,-112.08162491457166
8257,310 Pine Pl,active,199270,2,1,3199,33.444861581129615,-112.03601201399022
8258,515 3rd Dv,sold,142825,4,1,2888,33.53965995294326,-111.87779729258908
8259,135 Geary St,active,250724,4,1,1220,33.45582910253821,-111.89745937791773
8260,522 Pine Dv,pending,155954,4,3,3321,33.363835682768155,-111.90585670286922
8261,316 5th Vis,sold,268704,3,1,3183,33.392609999079184,-112.24817890254718
8262,83 Geary Vis,sold,128284,3,1,3805,33.40737374767007,-112.30277145927937
8263,233 Pine Pl,active,138663,2,2,1285,33.36439848956697,-112.36134409197203
8264,443 4th Vis,active,185316,3,1,3781,33.55906926426768,-112.10189317530667
8265,439 Euclid Vis,sold,281020,5,1,3920,33.41675966681051,-112.34209743670887
8266,182 7th Trl,active,124972,5,3,1825,33.58724321300656,-112.16784654197238
8267,200 Walnut Ave,pending,256532,5,2,3309,33.48019283394568,-111.95949208441533
8268,692 Euclid Cir,sold,193366,5,2,3933,33.497990054154236,-111.91113109145057
8269,719 Geary Trl,pending,274000,3,3,1634,33.39816575732603,-111.94346076542382
8270,180 Euclid Trl,active,191405,4,2,2262,33.438687980349016,-111.92108336775235
8271,405 5th Pl,active,100429,3,2,3541,33.58516140664931,-112.0560577938022
8272,500 Franklin Pl,active,293605,2,3,1611,33.3654488247682,-111.97090119907058
8273,70 Mission Pl,sold,259632,5,2,1784,33.403699325933246,-112.2817455598418
8274,785 9th Cir,active,216548,4,2,2194,33.42283763594282,-112.26427561673127
8275,344 Pine Pl,pending,134977,2,2,3315,33.5419898109857,-112.34154982248363
8276,13 2nd Rd,pending,112938,3,3,1713,33.487985174465166,-112.07633529175531
8277,246 Franklin Blvd,active,178587,2,1,3021,33.59060111201049,-111.93421720278535
8278,713 8th Cir,sold,227173,2,1,1342,33.450279093275896,-111.88126026536831
8279,634 Franklin Pl,sold,142282,4,2,2777,33.51195494933102,-112.12850575918468
8280,249 California St,pending,234488,2,2,2460,33.432927589369406,-112.3406773093673
8281,684 Wall Wl,pending,203807,2,3,3106,33.44485408350395,-111.91940260241446
8282,50 2nd Wl,active,162093,5,3,2048,33.49302116711263,-111.88086258757775
8283,563 8th Wl,sold,124401,3,3,3787,33.492788377838856,-111.91340581568994
8284,540 Mission Dv,pending,214189,3,3,1296,33.507823561848895,-112.08080423812876
8285,788 3rd Dv,active,286552,4,2,2882,33.41848682181806,-112.06134755813724
8286,743 Bush Ave,pending,290061,5,3,1575,33.432233221522985,-112.10393671886845
8287,90 2nd Pl,pending,156834,4,2,2098,33.495641310143995,-111.91606969180104
8288,769 Page St,sold,178820,4,3,2671,33.59006349032672,-112.01110056431008
8289,443 Texas Pl,sold,122606,5,3,1377,33.39785269597549,-112.05220998480098
8290,596 Indiana St,active,163847,3,2,3906,33.557435501005024,-112.21794105252265
8291,89 Mission Rd,active,213222,5,1,2913,33.47180046279894,-112.24708658809762
8292,586 4th Ave,sold,230695,4,1,2362,33.47327127158824,-112.34113053523859
8293,615 Indiana Wl,active,145131,3,1,2749,33.39054248338288,-112.26846037964468
8294,554 5th Way,sold,105321,5,3,2194,33.429541932068055,-111.99390284897957
8295,666 Blake Vis,pending,188183,4,3,1116,33.58572211256064,-111.96306633801113
8296,291 9th Trl,pending,193691,2,1,3042,33.41080768475104,-112.19344098266106
8297,122 Turk Vis,pending,133970,4,3,1740,33.51708739023468,-112.20623091513004
8298,142 5th St,active,253856,3,3,1874,33.535353039595115,-112.27616365320621
8299,10 3rd St,active,226766,4,1,1420,33.37475519768714,-112.19112729354075
8300,593 Sutter Way,active,277725,5,1,2829,33.53435754142075,-112.03738202488634
8301,104 California Blvd,sold,232132,4,2,1359,33.448331627198954,-111.91421357724498
8302,705 Sutter Rd,sold,120188,3,3,3523,33.48852224348533,-112.0723445847363
8303,406 1st Blvd,active,116341,5,2,2343,33.54920279403648,-112.11669674773309
8304,642 6th Way,pending,279701,4,1,3294,33.38916078523971,-111.96294107829445
8305,220 3rd Cir,pending,182839,4,1,2394,33.5224178941982,-112.21738165880684
8306,640 Geary St,sold,288865,5,1,2140,33.37550305955727,-112.06744795452467
8307,578 8th Way,pending,159161,2,3,2286,33.41705027051906,-111.90898705497835
8308,785 Post St,active,218909,2,1,3198,33.57946809239696,-111.93803072478536
8309,550 Bush Blvd,active,229130,4,1,1768,33.53291202688623,-112.3437660563437
8310,202 Texas Rd,sold,286831,3,1,3536,33.423088467720554,-112.22157332761974
8311,144 Euclid Rd,pending,250974,3,2,3662,33.59368473005727,-112.1225759693249
8312,18 9th Wl,pending,253538,4,2,2225,33.49247243843214,-112.18385873748262
8313,378 Page Blvd,pending,194513,2,1,1933,33.49061993756213,-112.23231953504066
8314,528 Blake Wl,pending,266342,5,1,1809,33.564246040703814,-112.13684149222073
8315,653 Post Dv,active,128391,2,3,2738,33.571941769879736,-112.0493149900686
8316,246 9th St,sold,219396,4,3,3253,33.418353993726676,-112.32547208549421
8317,216 Geary Ave,pending,161549,3,1,1741,33.38300014292875,-112.22925269222561
8318,374 Pine Trl,active,120377,2,2,1030,33.382532781050884,-111.98185201708525
8319,244 Bush Wl,sold,184482,4,3,2162,33.50686062931915,-112.1832486228955
8320,646 Wall Way,sold,142255,3,1,3638,33.450982717400386,-112.07144357256858
8321,45 Franklin Pl,sold,287997,3,3,3237,33.56717451567932,-111.9515088519354
8322,448 Bush Wl,active,149685,2,2,2447,33.473180556265596,-112.24948236266503
8323,548 Turk Wl,active,193242,5,2,1857,33.54078522164598,-112.3269874766923
8324,25 Sutter Wl,active,288186,4,2,1614,33.583852912246805,-112.04595388972542
8325,11 Blake Wl,active,270396,3,2,2170,33.423547869975174,-112.15743807152063
8326,164 Mission Cir,sold,230162,5,2,3058,33.37581584413824,-112.00807564949281
8327,705 Euclid Dv,pending,176979,5,2,3325,33.3925079583729,-112.2594270126058
8328,144 Indiana Blvd,pending,258036,2,3,3181,33.47792466856957,-112.35944778048668
8329,84 Bush Pl,active,299305,5,2,3049,33.510519681828015,-111.919768442926
8330,463 Texas Blvd,sold,154375,4,1,2727,33.50533787193431,-112.09986716451512
8331,546 Bush Dv,sold,236610,4,1,1688,33.37616629702262,-112.16598738699042
8332,25 Euclid Rd,pending,206128,5,3,1537,33.55136981792876,-112.1729341373397
8333,785 Geary Blvd,sold,225375,2,1,1974,33.37971648872162,-112.12262179886667
8334,594 California Wl,active,166229,4,1,2678,33.575902570237396,-111.90038216622835
8335,124 California Blvd,pending,246895,2,1,3715,33.558669202956175,-112.2846217085673
8336,652 4th Ave,pending,296737,4,1,1085,33.53477570865324,-112.09346161561194
8337,524 8th Way,pending,258491,5,1,2414,33.53935585500538,-112.18051835138259
8338,531 6th Vis,sold,236891,2,1,2114,33.53146947828421,-111.90361327513155
8339,597 Post Pl,pending,188881,2,3,1511,33.37440705202824,-112.00152456967857
8340,714 Euclid Cir,sold,141148,5,2,3352,33.37091621128833,-111.90127113121886
8341,151 Turk Vis,sold,220391,2,1,1749,33.5404463779759,-112.09025681153351
8342,352 5th St,pending,196610,2,1,1670,33.533245727267655,-112.16634316364312
8343,777 Post Pl,pending,213952,3,3,3389,33.36883768016911,-112.29185752893389
8344,347 Walnut Rd,active,102841,3,1,3718,33.49388408317591,-112.02873214871
8345,138 Pine Trl,pending,265808,4,3,3648,33.53030162487682,-112.2799603248434
8346,196 Geary Vis,active,249607,3,3,2710,33.409575891277804,-112.21046763110687
8347,245 7th Vis,sold,187820,4,1,1421,33.54947229807926,-111.88063668100553
8348,255 California Ave,pending,295436,5,3,1310,33.580016747790985,-111.91633733248945
8349,356 Franklin Way,active,146102,5,3,1316,33.53843263519898,-111.92262802149153
8350,412 5th Trl,pending,101850,5,1,3797,33.39534951723306,-112.29907481525989
8351,247 California St,active,198143,4,2,1936,33.552175981815274,-111.97265589392177
8352,620 Post Cir,pending,113442,5,3,1722,33.58617447311802,-111.92647482129264
8353,245 Walnut Way,pending,185363,3,3,1684,33.56043666202087,-112.04106894773027
8354,436 4th Rd,sold,279022,2,1,3668,33.37332373626003,-112.33836466719565
8355,512 1st Way,sold,124592,2,3,2499,33.53488081087689,-112.27055371284139
8356,82 Post Way,sold,266369,4,1,3613,33.50081682027734,-112.07487421507534
8357,180 1st Trl,sold,160638,5,3,1303,33.5817557000355,-112.10928666674327
8358,761 6th St,active,159848,3,3,3186,33.39037940721356,-112.141339101064
8359,370 2nd Blvd,active,122072,4,1,2968,33.41288635752345,-112.0855737912748
8360,115 Wall Rd,sold,263693,3,1,2583,33.475392917916786,-111.99318294191086
8361,131 Franklin St,pending,262598,3,3,2326,33.44275254880588,-112.21244079189889
8362,579 Page Vis,sold,217665,3,2,2571,33.36484686878429,-112.18836016285486
8363,86 Geary Rd,pending,138866,2,1,1099,33.49516433034355,-112.09314852667309
8364,417 Blake Pl,pending,266517,3,2,1217,33.511069008045155,-112.14729092013879
8365,131 Pine Trl,pending,232015,5,1,2248,33.38903449161962,-112.34895634830035
8366,511 Texas Pl,pending,126129,5,3,3461,33.37167095267713,-112.29855583943223
8367,568 Mission Dv,active,277962,3,3,1326,33.398546657470085,-112.1711140079357
8368,101 5th Pl,pending,298809,4,2,2995,33.53465064543157,-112.25746756574173
8369,151 Walnut Way,sold,189846,2,3,2376,33.55128991943016,-111.9657870948035
8370,684 Franklin Dv,sold,275792,2,3,2038,33.464344477259345,-111.98818978433819
8371,255 Pine Dv,active,247922,5,2,3085,33.51201049033305,-112.03004050357231
8372,292 Texas Ave,sold,271136,4,1,2788,33.49507094036144,-112.21330110044565
8373,464 Walnut Dv,sold,116727,4,1,3909,33.5799759282273,-111.97812329524668
8374,34 1st Blvd,sold,118282,2,3,2979,33.46048602480917,-112.0242560465988
8375,581 9th St,pending,101588,4,3,2727,33.48891459000437,-111.90154886143416
8376,787 Turk Blvd,pending,251628,5,3,3698,33.45548898503522,-112.18012977756098
8377,69 2nd St,sold,106957,2,1,2706,33.36276406715083,-112.35460055614857
8378,756 Bush Rd,active,262098,4,2,3197,33.5844176475079,-112.16753941054426
8379,374 6th Blvd,active,189381,2,3,2886,33.369282087630744,-112.34782604779699
8380,134 Franklin Rd,sold,266190,3,2,3103,33.36506399445184,-112.1415148004724
8381,355 Franklin Ave,pending,170985,4,1,2400,33.58732122638078,-112.03668183906683
8382,601 7th Way,active,241914,2,3,2362,33.489926845921794,-111.92929729600124
8383,471 Sutter Ave,sold,214084,3,1,2286,33.48489078212677,-111.91061741727927
8384,709 5th Rd,active,135606,3,2,2916,33.50648048231146,-112.06574449341791
8385,335 7th Vis,active,294587,4,2,3694,33.45211839182541,-112.01755840050652
8386,214 8th Vis,sold,280138,2,3,1340,33.50547006724212,-112.27230596124421
8387,738 Geary Dv,pending,264669,3,2,3953,33.51263183442208,-112.30348977788348
8388,606 Geary St,active,190147,2,3,1118,33.46068223412088,-112.34819584564785
8389,332 Blake Trl,active,137347,3,3,2730,33.52041011697398,-111.87758123281549
8390,178 Page Way,sold,276074,5,1,2196,33.5288388810599,-112.15580688049714
8391,102 Geary Blvd,sold,177927,3,1,2840,33.551566109391025,-112.06643372847363
8392,403 1st Rd,sold,260181,2,3,1714,33.362206317645025,-112.23365319576641
8393,161 9th Blvd,pending,206882,4,1,1828,33.44970153598673,-112.0860310830322
8394,700 2nd Blvd,pending,175596,4,1,1108,33.38121139641916,-111.94456131260193
8395,430 Euclid Wl,pending,103998,5,3,3664,33.58389498683895,-112.31844596972167
8396,549 Sutter Pl,pending,202814,3,2,1063,33.389756786527975,-112.15036054383113
8397,386 5th Pl,active,284255,3,1,3458,33.49886976343341,-112.08447750187598
8398,696 Franklin Way,active,113754,3,1,2097,33.46192268039325,-112.25291564455428
8399,87 4th Rd,pending,208036,3,1,2257,33.547735139054026,-111.9419664722741
8400,508 7th Cir,pending,159956,2,2,1640,33.536414149792854,-112.10409883205064
8401,696 8th Ave,sold,189035,4,3,1196,33.398217041385934,-112.21244676286392
8402,738 Turk Ave,active,102433,2,2,2284,33.58145099060999,-112.1492126842383
8403,127 7th Vis,active,145014,2,3,1639,33.42072809286057,-112.16232789429074
8404,331 Page Way,pending,250448,2,2,2543,33.54253537603661,-112.16192149590272
8405,215 2nd Rd,pending,185735,4,1,3914,33.400782106631006,-111.92762271732512
8406,65 Euclid Pl,pending,195071,5,1,3767,33.42264231214655,-111.99245893961631
8407,702 Bush Way,pending,150047,2,2,2798,33.50083824508663,-112.07138131147272
8408,296 Wall Wl,pending,167795,5,3,1134,33.475164416829145,-111.98050445811904
8409,309 Pine Trl,pending,138525,5,2,3378,33.58125961421053,-112.06281130359548
8410,79 4th Way,pending,111647,5,1,1808,33.48783013244663,-112.04932581696981
8411,252 7th Cir,sold,252701,4,2,1019,33.56455647555376,-111.92953650260917
8412,319 8th Wl,active,112016,3,3,1287,33.373807067210706,-111.8814017466162
8413,191 4th Wl,sold,206285,4,2,1465,33.57686136718361,-112.32043066777415
8414,105 Post Trl,active,141333,4,3,3547,33.47366356027572,-112.21515335459922
8415,768 Page St,active,106443,3,3,2038,33.553582349850295,-112.14020369597554
8416,538 3rd Trl,active,204290,3,2,3763,33.576774175916846,-112.29947831559886
8417,173 Turk Wl,pending,220832,4,3,1801,33.484730846910935,-112.20310923002204
8418,251 Blake Trl,pending,115924,2,1,2974,33.4502239892906,-112.12961962370963
8419,739 Bush Vis,pending,212319,4,3,2141,33.54683966850558,-111.87498392122674
8420,408 3rd Cir,sold,202190,4,3,2309,33.485854829960275,-112.27450978256803
8421,92 5th Cir,sold,297433,2,2,2421,33.49879273132629,-111.8913618744011
8422,633 3rd Blvd,sold,187116,4,3,1972,33.521124935479406,-112.31958793680614
8423,705 Pine Ave,sold,201263,3,2,3548,33.40539275465735,-111.93468657003409
8424,792 Pine Ave,pending,174288,5,1,2242,33.40309492659611,-111.88582229050223
8425,377 4th Vis,pending,259847,2,2,1441,33.43791235913776,-111.92117336201564
8426,14 6th Wl,sold,192217,2,1,2971,33.458152122669134,-112.14596971151505
8427,340 California Dv,pending,124205,5,1,2870,33.46559982854589,-112.00617588582833
8428,123 9th Dv,pending,286327,2,1,3965,33.58848558134143,-111.94037239741974
8429,352 California Rd,pending,236697,3,2,3456,33.38243492887077,-112.29627483010114
8430,230 Post Rd,pending,232250,2,3,1687,33.44418572362328,-112.171011473523
8431,123 Pine Ave,sold,298661,2,3,1026,33.433055832092045,-112.1851219608722
8432,110 Indiana Dv,sold,230400,4,2,3419,33.543217850733164,-112.30447539688545
8433,634 Blake Ave,active,197150,4,2,2348,33.504812172476676,-111.92678544283709
8434,511 Euclid Way,pending,253811,5,3,3760,33.541301327607194,-112.21744513687507
8435,458 Walnut Ave,active,257233,4,3,2448,33.44290224627653,-111.92380849811681
8436,279 Wall Blvd,sold,272383,3,1,3051,33.51502092398807,-112.12414361727505
8437,374 Blake Rd,sold,138230,4,1,3701,33.368696854410054,-112.2733263513206
8438,563 1st Pl,pending,243469,4,3,2912,33.394884181945436,-111.91272358636873
8439,281 4th Vis,pending,194913,3,3,2969,33.38312484453583,-112.12181643449188
8440,587 Page Blvd,pending,276015,2,1,3314,33.399246102777006,-112.05924309204278
8441,560 Pine Trl,pending,164311,4,3,1802,33.43308284183397,-112.13977287474948
8442,521 2nd Vis,active,255124,5,3,1044,33.421746972080896,-112.27600226346826
8443,708 7th Way,active,172295,2,3,3671,33.47257873886614,-112.34653246056922
8444,349 4th Wl,pending,287310,4,3,1938,33.418166944963254,-112.21424411171867
8445,334 Texas Dv,pending,174168,4,2,1203,33.468308316542974,-111.99399726435979
8446,278 Texas Cir,pending,114741,3,3,3031,33.41587686220353,-112.31481422102594
8447,202 2nd Ave,pending,185730,5,2,1797,33.560296448129755,-111.98797523833701
8448,162 Franklin Dv,active,262374,5,3,2289,33.41163314608778,-112.35700546494172
8449,798 Turk Rd,pending,264581,3,2,1310,33.37991103045792,-112.01745702296132
8450,691 California St,active,188663,4,1,3287,33.38002172621489,-112.20898840428012
8451,214 Blake Dv,pending,243127,2,2,1925,33.47640562517006,-112.2187357373744
8452,525 Page Way,sold,168612,4,1,2331,33.42619201490224,-112.15712818507298
8453,552 Sutter Ave,sold,257634,3,1,1895,33.41397327280102,-111.95140763420683
8454,621 1st Cir,active,212061,2,3,2207,33.379614301296385,-111.87532637028362
8455,673 6th Cir,sold,107026,2,2,2910,33.546373531975085,-112.23093532428663
8456,413 Page Ave,active,298743,4,3,1344,33.520638855966986,-112.29121638816505
8457,631 Indiana Wl,pending,229326,2,3,3273,33.41466014582869,-112.02430523470676
8458,377 Franklin St,active,185309,4,1,2444,33.56410124061863,-112.09428315393491
8459,42 Texas Blvd,sold,169971,3,3,1076,33.373298817972014,-111.97877470312895
8460,62 Post St,pending,287959,2,3,2780,33.39195389007732,-112.00212961968319
8461,550 Wall Blvd,pending,146920,2,3,2481,33.48129153847219,-111.92101367583818
8462,625 Pine Pl,active,220939,4,2,1302,33.54596095473294,-112.2853480406781
8463,512 Indiana Trl,pending,281159,5,1,3643,33.460064154463865,-112.10586103350579
8464,235 Geary Rd,active,129304,4,1,1792,33.476724205316316,-111.92591002967728
8465,301 Euclid Wl,pending,149866,2,3,3463,33.511458032246686,-112.06963892344457
8466,112 3rd Trl,active,249899,3,3,3674,33.44211886600867,-112.14260218068257
8467,19 Post Ave,sold,123673,2,3,1132,33.48319194379956,-111.94306951923095
8468,109 Texas Ave,active,291526,5,3,2491,33.566027850545616,-112.35719632828747
8469,154 Walnut Wl,pending,109193,3,2,2870,33.51254652767738,-111.95505058258313
8470,487 Turk Trl,pending,295918,4,1,3160,33.582371068840786,-111.97176788293169
8471,495 3rd Cir,pending,271480,5,1,1174,33.462140068274756,-112.285510293887
8472,426 Post St,active,134397,3,3,3949,33.56954917756224,-112.08034241802982
8473,293 Walnut Rd,active,161555,2,2,2251,33.38538808989289,-111.98375718864858
8474,306 Walnut Trl,sold,149205,3,1,1264,33.592174685838955,-111.98842110989256
8475,540 4th Rd,sold,207347,3,3,3727,33.46815543333769,-112.14510079962972
8476,521 4th Wl,active,108284,5,3,1155,33.505767606243914,-112.06875138569423
8477,317 Blake Cir,sold,167809,4,3,3587,33.39035054524935,-112.0684567841667
8478,382 3rd Dv,sold,274224,3,3,3986,33.442301323197164,-112.07228641342347
8479,660 Indiana Wl,active,226249,2,1,2149,33.583426586464384,-112.01220148436231
8480,124 7th Blvd,pending,278526,4,3,2085,33.37856046188437,-112.1359290027768
8481,449 Page Blvd,sold,213715,3,3,3689,33.53058547149757,-112.17479261555756
8482,83 Post Pl,active,230009,2,3,1919,33.574119022937296,-112.33664572047718
8483,386 1st Dv,pending,121179,5,3,1739,33.385337079227035,-111.96714398519407
8484,619 8th Ave,sold,161591,4,1,1493,33.59135879163127,-112.02529258159136
8485,700 2nd Ave,pending,234495,4,2,2793,33.52008249664207,-112.2430197279437
8486,257 8th Wl,pending,243248,5,1,3096,33.39519293706555,-112.02733352232684
8487,500 California Way,pending,160711,3,2,2737,33.53533905078595,-112.20552815701531
8488,239 5th Rd,sold,120477,3,2,3926,33.428284202803376,-111.87828373061014
8489,354 Franklin Rd,pending,293018,4,3,1876,33.58129560945501,-112.03300911270073
8490,104 3rd Rd,sold,219397,4,1,1391,33.378368490852125,-111.90117341748179
8491,688 3rd Wl,sold,141292,5,1,2974,33.48056616671782,-112.31444985756714
8492,97 4th Ave,active,115557,4,2,2349,33.53963563872062,-112.10224041480069
8493,304 5th Cir,active,202257,2,2,2237,33.47409537989268,-112.02415775503468
8494,213 1st Vis,sold,246165,2,3,2145,33.381457400453144,-111.9709138186776
8495,455 Indiana Trl,active,116141,3,1,2454,33.40047055173418,-112.33607461512949
8496,462 5th Pl,sold,175509,3,1,3767,33.45772464395676,-112.34098376209842
8497,510 Wall Trl,pending,247039,2,2,2960,33.51278583126158,-112.14879472993337
8498,126 Blake Ave,active,171361,5,3,2843,33.509123282949595,-112.06396495391503
8499,101 Pine Blvd,pending,152710,4,1,1537,33.4713441022895,-111.99131094700654
8500,172 Walnut Dv,active,158190,5,2,1770,33.47678945130526,-112.10378458675022
8501,743 3rd Trl,active,120860,3,2,3731,33.44272949259038,-112.11955657078404
8502,408 Turk St,sold,253436,2,1,2648,33.51819382905404,-112.23305612521172
8503,41 Indiana Vis,pending,157157,4,3,3659,33.45297729282962,-111.9046562339342
8504,783 7th Vis,active,216757,2,3,1174,33.432727692138414,-112.35522813570357
8505,203 Euclid Way,active,265703,2,1,1672,33.54212937314902,-112.28559761372141
8506,705 Blake Cir,pending,135508,2,1,1459,33.45219140772545,-112.31512803832727
8507,789 Blake Blvd,sold,146962,5,1,3147,33.51162556155833,-111.89437473464898
8508,351 8th Vis,sold,117448,4,3,1172,33.533286025872464,-112.2419038404365
8509,88 1st Pl,active,223361,4,2,3559,33.553104390640904,-112.31913028819845
8510,139 Blake Blvd,sold,196820,2,2,3652,33.52821003971483,-112.04000580295616
8511,737 Geary Way,sold,160406,2,2,2376,33.48821970358689,-112.14676649607388
8512,455 Wall Dv,pending,214630,5,3,2426,33.5850351874541,-111.92297033053802
8513,196 Geary Blvd,active,250083,3,3,1738,33.48146249924329,-112.12881750452394
8514,702 Texas Dv,pending,210490,5,3,2616,33.5505569079691,-112.29998880237798
8515,238 8th Blvd,pending,157720,2,3,2490,33.36613245458079,-112.23942978388537
8516,748 Euclid Trl,pending,291670,5,3,3064,33.44349699723638,-111.9997189866487
8517,186 California Cir,pending,179897,3,3,1251,33.525778067565234,-112.35903270257893
8518,324 Mission Way,sold,255035,5,1,1118,33.515646640249116,-112.12013659946932
8519,702 Franklin Ave,pending,144419,4,1,1789,33.48332562012676,-112.30677131797177
8520,160 Pine Wl,pending,225117,3,1,3491,33.419880315821516,-112.12939365173885
8521,759 9th Blvd,active,274284,2,1,2238,33.46099513015645,-112.17010061238169
8522,463 Pine Way,sold,180824,4,2,3653,33.53993652016257,-112.0520636740611
8523,439 Franklin Dv,sold,235212,3,3,2298,33.429165775975086,-112.2127349226433
8524,472 Euclid Pl,sold,293841,5,3,2436,33.527523655026535,-112.34307851082633
8525,447 Mission Blvd,sold,159960,5,1,3752,33.382763685291366,-112.145818515735
8526,708 Texas Cir,active,250054,5,3,1705,33.4341723808297,-112.02545867048065
8527,338 California Pl,active,240589,5,1,1567,33.55510391459579,-112.26157318772995
8528,131 8th Dv,sold,144692,5,1,1848,33.59410545229611,-112.17038010380989
8529,460 Walnut Cir,sold,231232,2,3,2470,33.400432355781696,-111.9608755728708
8530,578 Turk Vis,sold,239128,4,1,1250,33.41113039860176,-112.35920731388688
8531,139 3rd Dv,active,209959,3,3,2119,33.53548032010765,-112.07542924906409
8532,636 4th St,pending,251684,3,3,3195,33.487884946297115,-112.32449714606722
8533,392 Wall Rd,active,190364,3,2,2521,33.49367038848969,-111.89069935247795
8534,799 6th Way,active,184623,3,2,3985,33.4017847444643,-112.20130082692837
8535,99 Indiana Ave,pending,156964,2,1,1412,33.3762563325877,-112.26631628692927
8536,196 California Vis,active,129011,2,3,3925,33.364088684851126,-112.11580435035901
8537,637 California Wl,active,274028,5,1,2228,33.50792143669877,-112.08644236060313
8538,643 Turk Way,sold,240107,2,3,2371,33.56844070126719,-112.27504156789246
8539,250 2nd St,pending,187335,5,1,2098,33.463692750092854,-112.2466227459584
8540,189 2nd Dv,active,186146,4,1,3868,33.52604564462096,-111.89347145180616
8541,641 3rd St,active,119837,3,3,3483,33.3961519188484,-111.99910029350914
8542,230 3rd Trl,active,267551,5,3,1099,33.396894328548505,-112.14573582766361
8543,602 Wall Vis,sold,235687,2,1,3602,33.39444839270029,-112.18849713508304
8544,547 Post Pl,sold,202721,3,1,1583,33.553862722499304,-111.99389673574464
8545,251 8th Trl,sold,133476,3,1,3226,33.56286463521421,-111.99116736279801
8546,131 California Rd,sold,155675,3,2,1868,33.38048136241263,-112.06235235313349
8547,520 Turk Vis,active,268225,2,1,3213,33.37003834483947,-112.2467175523035
8548,478 California Dv,pending,100084,4,3,1767,33.4799732182911,-111.91328352498647
8549,123 Texas Pl,sold,241032,2,3,1634,33.454351769353224,-112.17399307946249
8550,330 7th Rd,pending,295743,3,2,1918,33.54451538235749,-112.13703895685913
8551,528 Bush Pl,sold,205046,3,3,1248,33.53268770666455,-112.01421266926195
8552,365 Post Ave,sold,221245,3,2,3961,33.567532547016675,-112.18977064255172
8553,576 Texas Dv,pending,254195,4,1,2036,33.48219226216666,-112.01793424963722
8554,453 Geary St,sold,155902,2,3,1468,33.591609700534356,-112.07972426388339
8555,791 Wall Wl,pending,282584,3,1,1595,33.55024908683924,-112.316762359642
8556,139 California Vis,pending,189279,3,3,2112,33.434170113538755,-112.02233835057837
8557,442 Sutter Cir,pending,206056,2,3,2080,33.41343322195052,-112.0600130801967
8558,341 Franklin Wl,active,261453,4,1,2091,33.4191859101598,-112.34124635140587
8559,577 Bush Vis,sold,294994,2,2,3410,33.44649564842069,-112.0593432113162
8560,679 Mission Blvd,pending,274268,2,3,1427,33.48139919568131,-112.12621326318956
8561,735 9th Blvd,pending,103875,3,3,2695,33.397388105350686,-112.25934650869644
8562,603 Franklin Pl,active,144024,4,2,2442,33.59075174216612,-111.94036770429835
8563,754 Franklin Way,active,108926,3,2,3592,33.445634047255986,-112.14584089034602
8564,489 1st St,pending,274293,2,1,3633,33.51135022222563,-112.11407054561292
8565,517 6th Trl,active,219693,2,1,2523,33.375382807546195,-112.34515255719461
8566,678 Wall Blvd,active,188676,4,3,2428,33.50436065964725,-111.97705867381599
8567,179 Page St,pending,184795,4,1,2362,33.40835715299655,-112.02816335053058
8568,361 California Wl,sold,169965,5,3,2886,33.56400951973087,-112.2350495647268
8569,464 Blake Rd,active,122587,5,3,1975,33.54140773910879,-112.31734121004288
8570,308 Mission Wl,pending,164350,5,1,1217,33.45423002948442,-112.21578644158303
8571,109 Wall Trl,sold,102584,3,2,3620,33.52766553932139,-112.0201778478837
8572,733 Euclid Way,active,252631,2,3,2912,33.36425662101484,-112.0331144309817
8573,571 1st St,sold,288140,2,3,2088,33.39822280083255,-112.18999020536904
8574,736 2nd Pl,sold,106791,5,2,1264,33.539423720258924,-112.11422349536326
8575,679 Walnut Ave,sold,209420,3,2,2165,33.54871910581845,-112.04069206711996
8576,137 Sutter Wl,sold,161681,2,3,1145,33.39530580117013,-112.10953366031583
8577,272 Wall Ave,sold,111227,3,2,3287,33.52787557520398,-112.09671818049259
8578,289 Post Blvd,sold,191282,3,2,1927,33.54802432016596,-111.95835255217453
8579,307 Walnut Way,pending,262682,3,3,1215,33.46048025811368,-112.09234823774601
8580,94 Sutter Trl,active,107040,2,1,3944,33.40796425908775,-112.07106610366198
8581,241 1st Wl,pending,264832,5,1,3381,33.36182817236855,-112.0073801263169
8582,184 Geary Pl,sold,111520,2,1,3481,33.56414832260632,-112.30557443938382
8583,466 Wall Rd,sold,274054,4,1,2166,33.51712405552941,-111.90966075687872
8584,175 Turk Dv,sold,266747,3,3,1739,33.400841970203835,-111.92256216799504
8585,618 2nd Rd,pending,102653,2,2,1503,33.54707552820408,-112.19330052969637
8586,58 California Pl,active,137035,4,2,3470,33.414701685199766,-112.11732367946512
8587,139 Post Dv,active,211901,3,1,2394,33.52432907184284,-112.21606251433802
8588,70 8th Cir,active,220178,3,2,3605,33.56519889949422,-112.19130132969683
8589,780 Turk Way,sold,236164,3,1,2301,33.403917662900014,-111.87728511516248
8590,59 Geary Dv,sold,135109,4,3,1395,33.462912734824855,-112.33947662455127
8591,166 1st Cir,active,224435,2,1,3881,33.573810182664936,-112.0104157867451
8592,304 Turk Ave,active,202011,2,3,2789,33.43619565533463,-112.25606244489049
8593,799 5th Blvd,sold,110166,2,3,2793,33.53740122195731,-112.01342263248465
8594,175 Walnut Ave,pending,157708,2,3,1458,33.38280426823118,-112.34662760047735
8595,800 Mission Rd,sold,208395,5,2,1004,33.402054264095355,-112.19392385403854
8596,717 3rd Dv,pending,177432,3,2,1981,33.48421816502378,-112.27234870396198
8597,192 Walnut Pl,pending,271898,2,3,2613,33.41560301701712,-111.9817529702103
8598,623 5th Rd,active,216204,3,2,3653,33.51357403264269,-112.15663139264252
8599,746 Walnut Vis,sold,105355,2,1,2635,33.4570178499231,-112.23794785430898
8600,674 Bush Blvd,sold,245195,5,1,3493,33.56094506983709,-111.99019784700543
8601,790 Pine Trl,sold,231921,4,3,3794,33.572353586633795,-112.25989647995641
8602,102 Texas Blvd,pending,151342,2,2,1004,33.533869773918646,-112.01059093540982
8603,253 3rd Trl,sold,150032,3,1,2104,33.514016263515465,-112.10648481722274
8604,757 Walnut Pl,sold,198369,2,3,2200,33.53458186614737,-112.04737140246522
8605,150 Bush Pl,sold,218479,2,1,1979,33.53614451512197,-112.07283922577886
8606,170 Walnut Blvd,pending,151088,5,2,3842,33.51787833684188,-112.14290099971065
8607,664 Texas Way,pending,156817,4,1,3202,33.44014878624133,-112.30061209687683
8608,596 2nd St,sold,179218,4,1,3330,33.58026150160064,-112.32724484054678
8609,772 7th Rd,pending,141053,4,1,3756,33.50735558948652,-112.20328711462614
8610,800 Pine Pl,active,282978,4,2,3683,33.395896390360164,-111.97468105962476
8611,161 Blake Ave,sold,151492,2,3,1002,33.43280045532834,-112.16181699127212
8612,83 9th Wl,active,160316,4,1,2939,33.469428504830006,-112.00970310451324
8613,718 7th Trl,active,275529,4,3,1390,33.5120818035133,-112.159939414948
8614,505 Walnut Way,pending,287834,2,2,3385,33.43483799814813,-112.1619207282768
8615,380 Mission Pl,active,156832,4,3,2909,33.58141972844419,-112.10594049584726
8616,317 2nd Ave,active,260657,2,2,2220,33.423272597246175,-112.06625293364581
8617,303 Indiana Vis,active,264804,3,3,3201,33.45729892161237,-112.328598790797
8618,84 Geary Pl,active,125414,5,2,1895,33.37195099967109,-111.88901520978291
8619,144 2nd Rd,sold,132597,5,2,3763,33.55117624928313,-112.19743277855054
8620,72 Blake Ave,sold,182727,5,1,2363,33.49607001445425,-112.27837618589231
8621,395 1st Trl,pending,262801,4,1,3339,33.5684482726668,-111.94973219076464
8622,257 Blake St,active,112122,4,2,3482,33.495357415185296,-112.35334563883049
8623,629 Walnut Way,pending,280183,4,1,3511,33.41206661359155,-112.235273946058
8624,475 9th Blvd,sold,117676,4,2,3411,33.407283509044866,-112.2528165677419
8625,59 2nd Rd,sold,140230,3,3,2853,33.56513527609105,-112.16557275502228
8626,105 Texas St,active,150600,3,1,2721,33.41867519837126,-112.13536132289357
8627,19 Wall Vis,sold,184696,4,2,2356,33.38790883750585,-111.98213875118552
8628,168 1st Vis,pending,263839,4,2,2694,33.550244758284954,-111.93496439796593
8629,122 Walnut Vis,active,103946,4,2,1245,33.44972950124156,-112.2685121347625
8630,222 8th Dv,sold,219694,5,3,3420,33.41265400711295,-111.95911639184779
8631,436 5th Trl,active,240969,2,1,3737,33.480328416677,-112.02047688111072
8632,331 Pine Vis,pending,297778,2,3,1009,33.47946585658869,-111.9062134196244
8633,716 California Vis,active,166102,5,1,3073,33.56997474230469,-112.29664006760659
8634,103 3rd Trl,active,233107,5,2,3846,33.46265587091308,-111.95799850917575
8635,220 Euclid Rd,pending,270877,3,1,3455,33.47019732582237,-111.94561257733065
8636,277 8th Pl,active,124801,4,3,2088,33.37056129381561,-111.87249487820716
8637,446 Blake Cir,sold,151108,4,3,3215,33.56139467510655,-112.03204088177583
8638,293 Euclid Rd,sold,193093,3,3,2176,33.51644383794463,-112.27521793461072
8639,26 5th Wl,sold,246683,4,2,2772,33.49080287238369,-112.10980590802079
8640,660 Blake Pl,pending,276889,2,2,2209,33.51541752447295,-111.8913302751073
8641,197 Blake Wl,sold,199309,2,3,2380,33.45223062974112,-112.24490067548066
8642,152 5th Ave,pending,243561,4,3,1954,33.432511890324704,-111.94652223066169
8643,615 5th Blvd,sold,149850,4,2,3674,33.46774450416834,-112.31130875790562
8644,760 Walnut St,active,221137,3,3,3202,33.41499049299161,-111.97096205284372
8645,107 Walnut Cir,pending,154470,5,2,3816,33.56597065789326,-112.35125095640623
8646,395 Blake Pl,sold,175232,3,1,2169,33.45211867146776,-111.91547022084606
8647,137 Indiana Cir,pending,263887,5,3,3111,33.41942541678862,-112.03042564474434
8648,559 Euclid Pl,active,242492,5,1,2358,33.528053339833626,-112.34500548018399
8649,428 Mission Vis,pending,285078,5,1,2084,33.50170967668693,-111.92208594694505
8650,649 5th Trl,pending,188283,2,1,1814,33.47546429637765,-112.20155627430375
8651,645 3rd Dv,sold,198277,2,3,1336,33.4977671009182,-112.02248200050133
8652,674 6th Ave,active,225955,5,3,2498,33.55532938225026,-112.24377074037655
8653,248 Blake Wl,sold,256118,3,2,1095,33.54212012188,-111.9443426179419
8654,626 3rd Vis,sold,237199,2,2,2246,33.46618832080889,-111.90568377159155
8655,510 Wall Blvd,active,146738,4,2,4000,33.516202031352385,-112.03359759392245
8656,11 4th Wl,pending,286690,2,1,2123,33.56718518323115,-112.05433692303806
8657,505 3rd Dv,sold,206222,4,3,1584,33.57713538842379,-112.1616401065003
8658,24 Turk St,pending,259520,3,1,1853,33.44753821357983,-111.99911106908297
8659,298 7th Blvd,active,268677,2,3,3620,33.51418672718779,-112.20670853120531
8660,694 Blake Vis,active,250072,2,1,3724,33.456018014254,-112.21208002133906
8661,705 Page Rd,active,193438,5,1,1364,33.50880531133621,-112.02243516528426
8662,252 1st Ave,pending,121375,3,1,2522,33.38108777315701,-112.16732657998908
8663,501 Blake Way,active,296011,5,3,3873,33.50831949778751,-111.90857026618922
8664,728 Walnut Ave,pending,268761,4,2,3370,33.582188790202856,-112.0696088534046
8665,357 Page St,active,122862,4,3,1175,33.45212697510445,-112.35077645599067
8666,717 Pine Ave,sold,136499,2,3,2824,33.37306730184042,-112.27565476845166
8667,277 California Vis,sold,181246,3,1,3154,33.47713210635553,-111.9399705529534
8668,254 1st Vis,sold,118802,3,3,2242,33.53897645992918,-112.14687901314053
8669,233 Turk Cir,active,232629,2,3,3222,33.5205493109125,-112.0983131901369
8670,496 California Wl,active,240826,5,3,1633,33.56128012405803,-112.00665218399158
8671,200 Post Vis,sold,135378,4,1,2569,33.38634432507545,-112.07215956597496
8672,521 2nd Vis,sold,170750,3,1,2978,33.3913632365653,-112.3060901866275
8673,583 Indiana Pl,active,240840,4,3,2156,33.42387888195328,-112.08254035496698
8674,16 7th Way,pending,226870,4,1,3238,33.531627792499535,-112.20274062271619
8675,174 9th Cir,sold,289629,5,2,2188,33.46009840954807,-111.92282738489814
8676,358 Franklin St,active,248007,4,2,1523,33.44282012966835,-112.23539882612508
8677,711 6th Pl,active,218640,5,3,3133,33.41790035809729,-111.89390299708772
8678,355 5th Wl,sold,263123,5,2,3685,33.49046246844576,-112.07906194574852
8679,401 5th Cir,active,208060,4,3,2763,33.455368774058634,-112.25085500634277
8680,425 4th Trl,active,159692,3,2,2539,33.554540282054575,-111.95671945786113
8681,427 Walnut St,pending,251102,5,2,1098,33.443209119742654,-112.0054463963869
8682,409 Sutter Blvd,active,261214,4,2,1246,33.553204680291095,-112.0274659043821
8683,451 Wall Cir,active,155708,4,2,2599,33.402560534692796,-112.11511979476163
8684,433 1st Rd,sold,226043,5,3,1985,33.37644587761209,-112.25819353465758
8685,653 Franklin Rd,active,293258,3,2,1604,33.42782276730556,-111.96902055499228
8686,561 6th Pl,active,197924,3,2,2969,33.514152008103295,-111.93676160697858
8687,55 Bush Dv,active,163557,2,3,1575,33.42423732501952,-111.95660187917979
8688,378 7th Vis,active,123178,3,2,3049,33.442592425680694,-112.22200753537064
8689,176 Bush Dv,pending,242319,4,1,2951,33.44396365458548,-112.11267750094925
8690,166 3rd Cir,active,183134,2,2,3604,33.361902997266355,-112.0642177206514
8691,771 Pine Cir,active,109463,4,3,2523,33.54053307757913,-112.02082500809244
8692,18 2nd Vis,sold,114114,3,1,3620,33.52541964623491,-112.23236581819009
8693,581 California Trl,active,169220,4,3,3567,33.3760203269287,-112.2706224899023
8694,561 Bush Cir,pending,167976,3,2,2000,33.46636743425395,-111.91379037975874
8695,693 5th Cir,pending,295673,3,2,2127,33.4437594934841,-112.23310243921281
8696,763 1st St,active,250293,2,3,3544,33.57864093821827,-111.87789206455942
8697,537 Turk Cir,active,189681,5,3,3825,33.362243785466056,-112.00423414545588
8698,123 Turk Cir,sold,146632,5,3,1875,33.53916176097193,-111.9720897360233
8699,407 Wall St,active,233439,5,1,2082,33.46420023899421,-111.98022321344106
8700,257 1st Trl,active,204020,3,2,2963,33.58524434139036,-112.06584279839318
8701,177 3rd Blvd,active,217543,4,1,2108,33.553531755868605,-112.2184963272555
8702,743 9th St,active,225667,3,1,2945,33.5058091878151,-112.16163303413083
8703,596 California Way,pending,174577,2,1,3657,33.499010988547944,-112.22024370301179
8704,522 5th St,active,170806,3,3,2385,33.58924957443077,-112.33823110189653
8705,137 Indiana Vis,active,187232,5,2,1089,33.53469057917518,-111.99039152578418
8706,474 1st Pl,sold,117804,4,1,3235,33.508208542247,-112.28207732375752
8707,285 Franklin Pl,pending,256372,2,3,3805,33.566478414909696,-112.32516472805301
8708,585 Mission Way,active,101596,2,3,2669,33.39260143352999,-112.00835446077082
8709,380 Pine Wl,pending,114295,2,3,1557,33.41068011770824,-112.29374573701986
8710,223 Texas Ave,active,230260,3,3,2566,33.45265514004994,-112.24770165374916
8711,501 Turk Ave,sold,263431,5,2,2378,33.5800741060129,-112.06308702955204
8712,426 Wall Ave,pending,110907,2,2,1396,33.37176890910054,-111.91712246211287
8713,386 Post Way,active,121751,4,1,2912,33.53951103114138,-112.36036455667721
8714,35 Indiana Dv,pending,279642,4,2,2985,33.539131279060484,-112.29080546223953
8715,16 9th Trl,pending,140718,2,1,1821,33.382632288601705,-111.94036068363701
8716,731 4th Pl,sold,259393,5,2,2539,33.552163680016896,-112.05069641043309
8717,202 2nd Blvd,active,267525,4,2,2697,33.52317866315014,-112.22816191230623
8718,706 Texas Cir,active,143232,2,1,1172,33.50306794705558,-112.13484791384116
8719,137 Pine Wl,sold,116357,2,2,3254,33.58463106309353,-112.32241225792279
8720,760 9th Pl,sold,243032,3,1,2444,33.43602605118929,-112.15747496854051
8721,211 6th Rd,sold,285301,2,3,2725,33.418685061750324,-111.94779903671927
8722,108 California Vis,pending,148794,5,1,2038,33.4006528076557,-112.01393089039952
8723,227 Mission Dv,active,219759,2,1,1380,33.46345275691182,-112.18660855418248
8724,279 7th Cir,pending,207480,3,2,3032,33.39621943366984,-111.92081527115775
8725,272 Geary Wl,sold,252030,5,3,1994,33.37757605493244,-112.32328156384048
8726,504 Mission Wl,sold,212549,3,3,3820,33.53410642575105,-112.27826699925197
8727,500 Mission Rd,active,191062,4,1,3819,33.56012766039093,-112.32588203484443
8728,674 Blake Rd,sold,138642,2,2,2174,33.473530493056366,-112.36087760268181
8729,226 3rd Blvd,sold,129729,4,2,1161,33.37166566125826,-111.9832608569329
8730,254 Pine Ave,active,244528,2,3,3798,33.587036375860336,-112.3301097144361
8731,192 Texas Blvd,active,130004,2,1,3280,33.379177219639026,-112.1623522349701
8732,240 2nd Vis,sold,265233,3,1,2486,33.534985416358644,-112.05030181059527
8733,700 6th Trl,active,209457,2,2,1013,33.541328831385954,-112.1808441972917
8734,403 3rd Wl,active,288252,2,2,3686,33.56230270043467,-112.20395835323728
8735,411 Euclid St,sold,241815,2,2,1923,33.49720673972328,-112.13665869279897
8736,52 Sutter Ave,active,263929,5,2,1674,33.4868715454057,-112.16363857159672
8737,363 Mission Dv,sold,232808,5,2,3585,33.51048782475739,-111.937032251936
8738,240 Mission Vis,active,202660,3,1,3631,33.43236293545564,-112.15273952285462
8739,700 Franklin Vis,pending,143694,3,1,3884,33.39570387601244,-112.1792786580838
8740,485 Mission Trl,pending,261584,2,2,1663,33.5002065336628,-112.28000797859004
8741,186 8th Blvd,pending,231108,3,1,1928,33.468324932137875,-112.14194006937974
8742,402 5th Way,sold,186722,4,2,3367,33.37715412832583,-111.93123341225147
8743,86 Turk Rd,active,285245,3,1,2763,33.45072611786509,-111.9123555052848
8744,623 6th Wl,active,101448,5,3,1607,33.39274838475882,-112.35572843417489
8745,531 3rd Wl,active,103352,5,1,2566,33.48178376444979,-112.18369622477258
8746,651 6th Ave,pending,196158,5,1,2434,33.41639920961475,-111.95541480985452
8747,148 1st Rd,active,142853,5,2,1018,33.417534051806214,-112.14737150964643
8748,773 Blake Way,pending,117647,3,1,2143,33.53190724676306,-112.25743876697726
8749,594 Texas Pl,active,298161,2,3,2640,33.587657259550554,-112.09333382361912
8750,426 3rd Trl,pending,201326,4,2,3798,33.590787053308354,-112.2766387528919
8751,276 Indiana Blvd,sold,187829,5,2,3975,33.39718830342196,-112.04959167967183
8752,22 Wall Trl,active,210364,2,1,1745,33.4564403625076,-112.03124093080118
8753,525 Bush Rd,active,114689,5,3,2214,33.45318432290417,-111.96948960389625
8754,40 7th Trl,sold,201590,3,2,2275,33.42796502752925,-112.27779652497864
8755,628 Walnut Cir,pending,281756,5,2,2149,33.50252120554713,-112.35400575009714
8756,773 Wall Pl,pending,278406,2,1,1493,33.57031899263464,-112.31296229070676
8757,130 Wall Pl,active,144126,4,1,3811,33.412440523918626,-112.34091527160368
8758,402 Post Blvd,active,156943,3,2,1705,33.55648854317303,-112.3011336064275
8759,73 Franklin Blvd,active,293111,5,2,3340,33.443567933007806,-112.35382642613894
8760,677 California Pl,active,180774,4,2,1383,33.46351588098161,-112.11961348060366
8761,571 Page Wl,sold,164524,3,3,2365,33.387965029147026,-112.06894863205835
8762,138 Mission Pl,sold,244462,3,2,3191,33.50369767296323,-112.28554564046269
8763,42 7th Wl,active,190759,3,3,2258,33.41922065830306,-111.95472220099286
8764,674 2nd Trl,active,139658,5,1,2785,33.38106599020131,-111.92022784150079
8765,77 Pine Dv,sold,130298,4,3,3116,33.528459958995896,-112.25015577224447
8766,433 2nd St,sold,236722,2,1,2831,33.402627919501825,-112.08401885375349
8767,167 Blake Cir,pending,204359,4,3,3220,33.446392081018345,-111.87462238245169
8768,719 6th St,sold,222719,2,2,2762,33.37557849639999,-112.06413672063826
8769,676 Franklin Blvd,sold,215392,5,3,1354,33.56442097950581,-111.97791004078397
8770,634 7th Dv,pending,175883,2,2,3439,33.47971638450033,-111.9830317714882
8771,521 9th Way,active,236379,2,2,3993,33.583812124178785,-112.34490412945833
8772,180 Euclid Rd,pending,196503,5,3,2359,33.44810540051015,-112.19058189254376
8773,355 Turk Wl,active,135275,4,1,1325,33.46132472514584,-112.02164079248097
8774,38 Indiana St,pending,275456,5,2,3929,33.37796001128007,-112.1129612636932
8775,287 Geary Wl,pending,106812,5,3,1837,33.58674647131302,-112.06194226734952
8776,193 Texas Way,sold,231229,2,2,2687,33.52588046625515,-111.92593492403282
8777,140 California Cir,sold,219067,2,1,3297,33.40865057637346,-112.25849721479214
8778,369 Pine Ave,active,205872,4,2,3468,33.56129689549704,-112.19280644869465
8779,794 8th St,pending,260682,2,2,3321,33.366487814913235,-112.17347649350916
8780,356 Franklin St,pending,117812,3,2,1420,33.45416914323783,-112.2716185232182
8781,468 9th Vis,pending,242603,4,2,2241,33.399909279796354,-111.99236642036895
8782,668 5th Way,active,294537,3,2,1059,33.4457582546535,-112.32074853488676
8783,116 Walnut Way,active,180902,5,2,2505,33.54829163184861,-112.05158154588067
8784,782 Blake St,pending,120356,3,3,2116,33.395372436422555,-111.93545147728733
8785,385 Wall Pl,pending,212838,4,1,3848,33.533848091222175,-112.15937463039765
8786,139 Turk Blvd,active,243993,2,3,1283,33.413228414468186,-112.00665073094403
8787,629 Texas Vis,sold,259196,2,1,1759,33.453891413332606,-111.95710065830689
8788,516 Franklin Blvd,pending,218587,4,3,1829,33.588726575469906,-111.99880488082795
8789,372 Sutter Vis,sold,189197,2,2,3990,33.565471159140586,-112.1250752388013
8790,739 Sutter Trl,pending,213042,4,2,1572,33.38923221593265,-112.19316025146381
8791,295 Post Wl,pending,141360,5,2,3374,33.496771571308635,-112.07904639107957
8792,339 Indiana Cir,sold,278895,4,2,2220,33.459361569467006,-112.2382527580767
8793,115 Page Way,active,202397,5,1,2952,33.38463597245893,-112.14319455794869
8794,255 Sutter Vis,sold,267415,2,2,2458,33.457463742045476,-111.88817869215644
8795,325 Texas Cir,pending,190661,4,3,1406,33.369219187786946,-111.97448396433577
8796,744 Walnut Pl,pending,113111,4,2,3119,33.55420736779379,-111.9567226417601
8797,118 Sutter St,pending,152696,3,1,3065,33.49937884977062,-112.28698596365992
8798,521 2nd Ave,sold,129872,3,1,2771,33.49413387723185,-112.21247188220094
8799,390 Sutter Vis,pending,113111,4,3,2716,33.42750809773544,-112.1564919526828
8800,304 Walnut Pl,pending,225340,5,3,2048,33.533883394333266,-112.36029493183024
8801,396 Geary Cir,active,297457,3,1,3437,33.44596888099287,-111.94010208228237
8802,569 4th Wl,sold,226391,2,2,2046,33.45270966053487,-111.87703553596072
8803,114 Franklin Trl,pending,277639,3,3,1446,33.52375515656539,-112.32046170347165
8804,788 2nd Cir,pending,296568,2,1,1476,33.41842825373041,-112.01862409339086
8805,461 4th Way,sold,143732,5,2,1214,33.38098772360582,-112.14450432074558
8806,508 Walnut Rd,pending,159716,2,2,1858,33.500775314887946,-112.07683461100972
8807,550 Bush Pl,pending,160112,3,1,3420,33.40116987511508,-112.25844836688897
8808,663 Geary Trl,pending,283432,4,2,2487,33.54067790037876,-112.26137858042961
8809,313 California Wl,sold,232137,5,2,3372,33.46941969902498,-112.15828237284418
8810,762 2nd St,sold,211033,4,1,2556,33.381686459833666,-112.24668219537912
8811,154 7th Pl,sold,287826,3,2,2972,33.43403878574769,-111.98478132218843
8812,704 1st Trl,sold,167353,4,3,3455,33.43309085596812,-112.16776559566385
8813,437 9th Cir,active,179379,3,3,1384,33.40809403110459,-112.18543027550301
8814,742 Indiana Wl,pending,245739,2,3,1729,33.48544449863497,-112.27564045079023
8815,323 California Cir,sold,256591,4,2,3437,33.53990602745932,-112.03697207945713
8816,497 3rd Blvd,sold,140088,5,2,3636,33.36591034641595,-112.31550359907996
8817,388 Blake Way,active,142922,4,3,2208,33.59311457042941,-111.9846451095165
8818,672 3rd Trl,sold,298603,2,2,2654,33.36365378464263,-111.92995929696606
8819,183 4th Rd,active,140581,4,1,3727,33.58725145366633,-112.1894421701942
8820,591 9th St,active,236203,5,1,1373,33.41578896737099,-112.16531932220488
8821,450 Sutter Pl,pending,218377,2,1,3197,33.47622528899652,-112.07011969714912
8822,151 4th Rd,active,140811,3,3,1833,33.5771389288793,-111.96430558882312
8823,226 Texas Dv,active,163830,3,1,2083,33.530017719673225,-112.3142418483271
8824,781 7th Wl,sold,278231,2,2,3451,33.537886666723494,-112.24897983327969
8825,628 3rd Way,sold,128812,4,2,3264,33.394982515246696,-112.34740564200081
8826,703 Sutter Ave,sold,197616,5,2,3516,33.438099489499336,-112.0902927777772
8827,672 Mission St,active,207302,2,3,3055,33.44322428571465,-111.92671125268987
8828,66 8th Ave,active,205365,2,1,3305,33.57192126788639,-112.1975152278353
8829,384 Walnut Pl,pending,239487,2,1,3716,33.57775322973573,-112.08032902814358
8830,198 Wall Vis,pending,271751,5,3,1372,33.41409673187019,-112.1224659461312
8831,154 Sutter Dv,active,250598,3,1,2535,33.56780502688771,-112.31035832255925
8832,792 Indiana Vis,pending,179721,4,1,3905,33.46170599103208,-112.08038554798449
8833,497 Blake Ave,sold,294901,5,3,1821,33.37249591279103,-112.15514530279765
8834,246 8th Trl,active,132548,4,1,1538,33.42804386507319,-111.91485377801285
8835,797 Geary Way,sold,104256,4,3,3202,33.46397837163761,-112.3433806121663
8836,336 Euclid Vis,sold,106491,3,3,2432,33.48016171649378,-111.97307833850235
8837,195 3rd Way,pending,204204,4,3,2548,33.41875789641382,-111.96043862131836
8838,55 5th Dv,sold,290722,5,3,1289,33.482213301305,-112.06275051897806
8839,568 1st Cir,pending,128890,5,1,2255,33.57946430043956,-112.2025315635002
8840,111 California Rd,pending,152605,5,2,2581,33.5089854850034,-112.08083287835744
8841,772 Bush Blvd,active,297791,3,2,3047,33.390142634515605,-111.9270019461409
8842,51 Indiana Pl,active,215730,5,1,1784,33.4667125988659,-112.23375853202909
8843,263 Blake St,pending,234910,3,3,1402,33.449377291793816,-112.23108341735976
8844,116 Mission Pl,sold,163457,2,2,1872,33.43524206626786,-112.21289713794853
8845,416 Blake Dv,active,292060,4,1,3828,33.59075600917524,-111.9734690796778
8846,292 6th Dv,sold,134058,3,3,2767,33.36790187200085,-112.2740273583919
8847,527 Geary Way,sold,286701,4,3,1150,33.44930418584377,-112.16875085491836
8848,736 Texas Trl,sold,130473,5,1,3842,33.361544973769334,-111.9304539529495
8849,717 Wall Trl,sold,145610,3,3,3781,33.45661207387088,-111.96776284108114
8850,462 1st Way,pending,268798,3,3,1082,33.5210956345286,-111.99390653046129
8851,519 1st Dv,sold,218465,2,1,2108,33.518471185964316,-112.21979164072917
8852,114 Indiana Cir,sold,255875,2,1,2520,33.395446057070856,-112.34602227298748
8853,471 Geary Ave,pending,206952,2,1,3084,33.455944718594886,-111.90381137244947
8854,44 Post Pl,active,278879,5,1,3473,33.53341132525371,-111.95330642862382
8855,172 Page Cir,sold,222260,3,3,2601,33.475578159727576,-112.06173208883119
8856,94 Sutter Dv,active,126032,3,3,3716,33.43987042951963,-112.153193625222
8857,361 4th St,active,198126,4,2,3273,33.58586257978769,-111.94236617047135
8858,501 California Vis,sold,200541,3,1,2102,33.431957205154376,-112.30469846799247
8859,335 Bush Trl,active,126962,3,3,1375,33.51378967197298,-112.35360293588992
8860,55 Texas Dv,active,218020,4,1,3689,33.53865831235493,-112.17301615512778
8861,549 9th Trl,active,167813,3,3,1203,33.517356708956086,-112.16667779109106
8862,478 Page Cir,sold,165032,3,2,1533,33.36590468725256,-112.18279433526968
8863,756 4th Ave,sold,227891,3,1,3680,33.56206072357769,-112.06101720027488
8864,329 Walnut Dv,active,285615,4,2,2729,33.442727975997364,-112.20512145062703
8865,426 Mission St,sold,221889,2,2,2582,33.59367989466812,-111.94620618404875
8866,568 Texas Ave,pending,182378,5,1,1438,33.41267374502183,-112.05228074330245
8867,776 3rd Dv,active,219149,3,1,3550,33.49185590688733,-111.90354542083372
8868,554 Euclid Way,active,113736,5,3,2489,33.42831966395739,-112.3465986523346
8869,640 2nd Blvd,active,103811,3,2,2398,33.548055668923176,-111.87692461021109
8870,509 4th Cir,pending,193432,4,3,3256,33.36658349462242,-112.14273722017404
8871,439 Page Ave,sold,160280,5,3,1007,33.54924201735291,-112.22424060898433
8872,621 Geary Way,pending,202034,5,3,1731,33.44246398584084,-111.89339403514646
8873,105 Texas St,pending,149908,2,3,3079,33.43115448303012,-112.1282167698939
8874,106 8th Vis,active,137341,2,1,1864,33.43517290718121,-112.23899245521181
8875,481 Page Wl,active,299327,2,3,3224,33.41240450303908,-112.26637081141962
8876,326 2nd Trl,pending,254835,2,2,2466,33.39116604743746,-111.9478662684463
8877,544 9th Cir,pending,245290,2,1,1689,33.41781905703547,-112.26105160104638
8878,160 Indiana Wl,sold,284810,5,2,2975,33.464059870906546,-111.98828860595454
8879,68 2nd Way,active,155226,3,1,2044,33.46741520356485,-112.00957656134194
8880,744 4th Pl,sold,297533,5,3,3226,33.52723954910555,-112.34867252861682
8881,527 5th Blvd,active,282956,2,3,1267,33.5823177119858,-112.18115371935957
8882,130 Euclid Ave,pending,168435,5,3,3282,33.41096390242519,-112.04783850472782
8883,768 Texas Dv,active,281726,4,2,1823,33.45578682206986,-111.89333322279431
8884,451 Walnut Ave,active,247512,4,1,2005,33.51148689500767,-112.22538434867718
8885,763 Post Wl,active,292294,3,2,1993,33.41296504225273,-112.26663608683809
8886,743 Wall Blvd,sold,237197,5,2,1358,33.51496236334951,-111.87525556453309
8887,315 Pine Rd,active,229358,2,3,1550,33.543587886096994,-111.97960950474737
8888,280 Mission Ave,pending,173902,2,3,3947,33.43738560455941,-112.36008434697304
8889,72 9th Way,sold,287016,4,3,1434,33.416235776618144,-112.08544419292654
8890,558 Post Blvd,sold,242940,3,2,3326,33.37191493027844,-111.88979125255125
8891,429 Pine Wl,active,149699,3,3,2168,33.445733912061364,-112.00437013866022
8892,343 Indiana St,pending,237830,3,3,3329,33.39878665635338,-111.8794283927334
8893,80 Wall Rd,pending,242671,3,2,3557,33.49804862969667,-111.88993068012553
8894,345 Pine Rd,sold,152951,4,1,3868,33.41474765775665,-112.31449779210979
8895,553 Indiana Ave,active,114108,3,1,3083,33.55038771681162,-112.2734615328468
8896,363 5th Wl,sold,296163,3,2,1909,33.40609641983611,-112.34844765903682
8897,768 4th Wl,sold,263559,2,1,2055,33.52030171796332,-112.19943135616751
8898,287 Walnut Ave,pending,225272,2,2,2339,33.497814352295336,-112.04256408072202
8899,502 Geary St,pending,269169,3,3,1073,33.39994365580858,-112.33079041512036
8900,42 Pine St,sold,276551,3,3,2181,33.485335112854386,-112.33397108656935
8901,457 Wall Way,active,180255,5,3,3650,33.4217069439262,-111.93137882454914
8902,99 5th Blvd,pending,193063,2,2,2751,33.4812507544923,-112.02831522814901
8903,651 Post Wl,sold,149838,3,2,3410,33.4785227765542,-112.22104711018349
8904,755 5th Rd,sold,166961,4,2,2220,33.56836388267863,-112.16720128920815
8905,605 6th Ave,pending,181699,5,2,3851,33.36860701044359,-111.9741612554925
8906,259 Geary Dv,active,296425,5,1,3972,33.580200386399554,-112.0215510404588
8907,642 Franklin Wl,pending,104439,2,1,2589,33.49018648410036,-111.97311343575481
8908,419 Blake Dv,active,132772,4,3,1481,33.45854307882642,-112.06221844534116
8909,696 Bush Dv,sold,116102,2,3,3405,33.57958868310745,-112.28112419174153
8910,664 Mission St,pending,101945,4,2,2928,33.509364189650725,-112.04339768022395
8911,532 Pine Rd,active,167704,4,1,3474,33.54939094065975,-112.01232068814797
8912,750 7th Blvd,active,142627,3,1,3458,33.53211538332716,-112.03505790105638
8913,777 1st Pl,pending,114909,5,2,1315,33.42303415983446,-111.98341251424644
8914,592 Bush Dv,active,201498,5,3,3221,33.433666229081645,-112.24706398505404
8915,413 3rd Trl,active,244837,2,1,2062,33.50412381803908,-112.33871062060379
8916,479 9th Blvd,sold,210407,5,3,2448,33.40154967087634,-112.03915380256063
8917,435 Mission Trl,active,122180,5,1,3768,33.51949249469212,-112.16452056967256
8918,570 4th Way,pending,294186,5,2,3835,33.4500061090034,-112.04233434877811
8919,586 6th Way,active,240051,3,2,2052,33.57854415058745,-112.16057373167735
8920,672 Page Wl,active,115737,4,1,1646,33.40049559185424,-112.33466412312782
8921,66 3rd Ave,active,226750,4,3,1609,33.48064165350497,-112.17671796313185
8922,379 Pine St,active,297841,2,2,3513,33.52351071670115,-111.90864352476407
8923,262 6th Rd,pending,112390,4,3,2302,33.452811975832276,-112.07929471767348
8924,398 8th Trl,sold,275364,4,2,3406,33.56646674234637,-111.91278728429212
8925,791 Page St,active,183626,2,1,3685,33.47858701241063,-112.24975411063639
8926,317 Geary Wl,active,182910,3,3,3580,33.39374562323643,-111.99578166036173
8927,156 Post Rd,active,207221,2,3,1891,33.51689405285994,-112.36010882712276
8928,581 Mission Ave,sold,196085,3,3,3896,33.571891056175104,-112.03454248813847
8929,245 7th Pl,pending,295266,2,3,3496,33.50290224540769,-112.08191013378448
8930,531 8th Ave,active,129727,4,3,3500,33.47679875064517,-112.0610055857527
8931,357 Sutter Trl,active,294029,2,2,3196,33.42188972688411,-112.30654599114072
8932,90 Geary Rd,pending,183475,4,1,2016,33.57143100370149,-112.3536769966018
8933,386 3rd Ave,pending,108906,3,1,3531,33.579889137690984,-111.95071865447198
8934,663 California Pl,pending,275257,4,3,3707,33.48410654027894,-112.25727749503237
8935,50 Euclid Wl,pending,203643,4,3,1679,33.56797141818266,-112.12326861192366
8936,469 Pine Ave,sold,286624,4,2,3754,33.55236410383535,-112.15016999770678
8937,765 2nd Rd,pending,201769,3,2,1254,33.578575938096215,-112.35579902126211
8938,665 7th Vis,active,147650,3,2,3361,33.55964812472577,-111.95590414354818
8939,571 Franklin Cir,active,290629,2,2,3855,33.55691234519259,-111.9272566798988
8940,784 Turk Vis,sold,239087,3,1,1178,33.393900738173365,-111.98010515007157
8941,492 Wall Pl,sold,279114,3,2,2153,33.3832330693788,-112.23899328045744
8942,222 2nd Ave,active,268478,2,3,2386,33.42027751643,-111.91876217646394
8943,798 Bush Trl,sold,111055,2,2,3763,33.49011545362195,-111.95628755378901
8944,532 Texas Vis,active,129302,2,1,3560,33.41411669329596,-112.11136012212934
8945,283 Indiana Trl,active,296861,4,3,2918,33.59021633897272,-112.19644373844395
8946,343 4th Wl,pending,259253,4,2,3197,33.58580980021138,-112.31496382331571
8947,172 7th Blvd,active,246829,3,1,3026,33.56785463163819,-112.16411583533917
8948,93 4th Pl,sold,114415,4,2,2166,33.522294982616685,-112.20723271300179
8949,627 Post Blvd,active,166839,2,1,2860,33.53058609602574,-112.27191361352143
8950,465 Walnut Rd,pending,252533,4,1,1567,33.41933640963434,-111.91068714667203
8951,478 Euclid Blvd,active,191618,5,3,3316,33.41322934867437,-112.33065929077408
8952,36 Blake Cir,pending,162704,3,3,2088,33.425720656057365,-111.99759805133519
8953,601 Texas Trl,active,265102,2,3,1962,33.544700327827265,-111.89977174009007
8954,761 California Dv,pending,145006,5,2,1897,33.36637442297208,-112.18883411267018
8955,639 5th Wl,pending,148735,3,3,3520,33.397675185449984,-112.17878867481198
8956,160 2nd Blvd,sold,257500,5,1,2401,33.37718696288423,-112.33571567538598
8957,38 Pine Ave,pending,299162,4,2,1795,33.51520636873671,-112.12565097123469
8958,191 Turk Rd,pending,114565,2,1,2225,33.47417108361257,-111.96990047376563
8959,159 Turk Wl,pending,298443,4,2,3184,33.44924032514662,-111.93435434293166
8960,291 Wall St,sold,143104,4,2,3273,33.578407084047974,-111.93696963888294
8961,224 Walnut Pl,sold,167650,2,1,3910,33.47104546190339,-111.90257660751483
8962,781 Post Ave,sold,179388,2,1,2513,33.4030106573905,-112.21829891572176
8963,363 3rd Rd,active,189147,2,1,3409,33.50066486898275,-112.22579061854682
8964,260 Sutter Way,active,289875,5,3,3127,33.365559433790345,-111.92491923319697
8965,84 Geary Way,pending,253764,4,2,2108,33.47866071094488,-112.19089717757826
8966,224 Texas Trl,pending,190480,5,2,1235,33.39358745784853,-112.29472247765365
8967,298 1st Vis,sold,225578,2,3,3240,33.40147662147079,-112.2405797788148
8968,54 2nd Vis,pending,233847,4,1,2577,33.54518095103846,-111.99981098090208
8969,209 Walnut Dv,active,278554,2,1,3248,33.44992140077457,-111.99459698953738
8970,30 3rd Rd,active,242812,2,3,2654,33.51324676319282,-111.92897934275042
8971,572 7th Rd,active,233230,3,3,1913,33.53644465132075,-111.92248921618501
8972,279 Blake Wl,pending,189765,2,2,3760,33.468268615629505,-112.08039504449592
8973,358 Bush Vis,active,104532,5,3,2829,33.455619349754286,-112.27260124668355
8974,626 Blake Wl,sold,172651,4,1,2647,33.41383871080412,-112.3077949672012
8975,708 Texas Cir,pending,198772,5,2,2449,33.55638715817709,-112.08371287055712
8976,766 Turk Vis,active,173291,2,3,2498,33.52461483962503,-112.17072134387519
8977,699 Turk Blvd,pending,186492,3,1,1757,33.43926388094116,-112.20668963932117
8978,537 Blake Rd,pending,206846,5,3,3532,33.52418314203678,-111.91336522393942
8979,97 Wall Trl,sold,288879,4,2,1575,33.39047232046551,-112.2047192693671
8980,711 California Vis,active,237270,5,1,2783,33.55804443961827,-112.27707376251871
8981,30 4th Blvd,pending,123713,4,3,2873,33.42639399188755,-112.200417966966
8982,660 Euclid Rd,pending,280784,3,1,1789,33.482910726328775,-111.99453932667983
8983,32 California Trl,sold,169327,4,1,1661,33.3700606805528,-112.20458179174877
8984,657 7th Rd,active,266243,4,2,2857,33.42869112041924,-112.32262336496345
8985,119 5th Way,sold,244942,4,3,2130,33.54418753133351,-112.00998355336316
8986,153 4th St,active,150429,4,1,1490,33.5193946040271,-112.14209981528498
8987,413 Indiana Trl,active,126286,3,1,3972,33.36432796627631,-112.34015306957183
8988,194 Sutter Dv,pending,296063,4,1,3667,33.518455253294555,-112.06207339688825
8989,533 7th Pl,pending,160073,4,1,3142,33.49635111715954,-112.13520151518631
8990,668 Bush Cir,pending,189009,5,3,3813,33.524376415186865,-111.90093077175025
8991,656 Texas Blvd,sold,193120,5,1,2791,33.36219648335568,-112.2317632095171
8992,255 Texas Blvd,sold,121740,4,2,3233,33.5424634107937,-111.93042566685435
8993,246 Post Blvd,pending,244256,2,1,2977,33.371617212006434,-112.31683558661055
8994,260 8th Trl,sold,145696,5,1,1813,33.580623838833425,-111.95684269320101
8995,242 Geary Wl,pending,123179,5,3,1853,33.470458952356076,-111.90541806195463
8996,195 Franklin St,pending,100042,4,2,3557,33.42840930371897,-112.28093253636015
8997,641 8th Ave,active,299811,2,3,2372,33.42715834436621,-112.26291713758657
8998,777 Walnut Cir,pending,207984,5,2,2282,33.42657587947105,-112.23398060274262
8999,645 Indiana Vis,active,143519,3,3,1322,33.36893051526957,-111.9063557906485
