3000,526 Page Cir,active,164299,2,1,1532,33.40999444462987,-112.3093256609684
3001,152 Post St,active,206788,3,2,1553,33.463139334186366,-112.09004587228958
3002,443 Mission Dv,pending,202775,5,3,3155,33.570628431723414,-112.05647939649097
3003,256 7th St,pending,270780,2,3,2047,33.438791059912,-111.92027345396637
3004,587 4th Rd,active,282137,5,1,3223,33.45912500356804,-112.35546677733234
3005,507 9th Cir,active,273923,3,2,1905,33.47263160080065,-112.28499520964259
3006,677 Indiana Cir,pending,197402,5,3,2544,33.58047478376683,-112.2649085509076
3007,386 California Blvd,sold,268466,3,3,1838,33.582069425058066,-112.2536119546124
3008,482 Indiana Vis,pending,234621,4,2,3435,33.44632891537267,-112.14042040814243
3009,24 Mission Trl,sold,215158,2,3,2025,33.50417083650794,-112.32755415913101
3010,460 3rd St,active,194312,4,2,3545,33.47134676266926,-112.06464159557252
3011,23 Mission Blvd,active,269700,5,1,3586,33.426015660523255,-111.9365577459895
3012,428 5th St,sold,163552,2,2,2729,33.364597140101644,-112.026767152487
3013,422 Blake Vis,pending,129245,3,2,3286,33.50408505332594,-112.16210149840855
3014,673 5th Dv,pending,215454,3,2,1782,33.437183417722714,-112.29720696611052
3015,798 7th Wl,active,228944,3,1,2599,33.52591474082643,-112.32337787211809
3016,519 Sutter Vis,active,109108,4,3,1517,33.55136762087967,-112.31651255493182
3017,760 Post Wl,pending,174731,5,3,1209,33.40103308110934,-112.12619347365306
3018,281 4th Wl,active,181287,4,2,1227,33.36089474457668,-111.89681936071156
3019,32 California Vis,pending,189137,2,1,1456,33.398592754969414,-112.1065175812664
3020,31 4th Wl,active,139538,3,3,2088,33.474644208835706,-112.18956223643947
3021,744 Pine Rd,sold,146185,3,3,3961,33.42638238427402,-112.20140048003958
3022,482 California Ave,sold,163294,2,2,3380,33.442719511562714,-112.26576028430567
3023,468 8th Blvd,sold,246317,2,2,1696,33.43687809232132,-112.19131155859168
3024,269 Geary Vis,pending,188736,3,2,1896,33.39355284597949,-112.07220432309198
3025,778 5th Pl,pending,214954,5,1,1132,33.54564763764819,-112.27436954173587
3026,737 1st St,sold,142454,4,1,2618,33.593669178861035,-112.20607023138356
3027,390 9th Blvd,pending,116100,2,3,3241,33.55650724408403,-112.22834362609481
3028,682 Walnut Way,active,169203,3,1,3405,33.49080016424384,-111.87980428616771
3029,638 California Blvd,sold,283608,3,1,3756,33.59242936207657,-111.95747065777982
3030,156 2nd Ave,active,155783,2,3,3027,33.45350463404173,-112.1954061977608
3031,195 9th Pl,pending,218347,3,3,2481,33.42771723462168,-112.0642842253527
3032,734 9th Dv,pending,218379,3,1,1823,33.38769725944466,-112.16674773800452
3033,669 Page Way,active,154386,5,3,3270,33.4644734294871,-111.91874441098318
3034,240 8th Wl,sold,287232,3,3,2478,33.36340921556154,-111.89766143193867
3035,511 8th Ave,sold,139265,5,3,3723,33.47343886959042,-112.07984293770707
3036,498 8th Trl,pending,271204,4,1,2518,33.47897018639263,-111.9339615430293
3037,224 4th Wl,pending,147583,3,1,3622,33.44420353102083,-111.8739508064088
3038,375 Indiana Wl,active,130422,4,2,2714,33.465669130751905,-112.05349597147232
3039,157 9th Blvd,pending,152493,5,1,1142,33.42244020035748,-112.14149547277226
3040,142 Bush Vis,active,284027,4,2,2413,33.58548971881359,-112.14047810000912
3041,17 Walnut Vis,active,296305,4,1,1634,33.57799571247594,-112.3554459286254
3042,684 4th Ave,sold,149149,4,1,3901,33.49502236556665,-112.1787290744816
3043,242 5th Dv,active,245789,2,1,2512,33.40455106581568,-112.30605485685265
3044,406 Sutter St,active,178640,5,3,2271,33.441171106889364,-112.05185339101959
3045,30 1st Pl,active,276856,5,2,1829,33.51757533966025,-112.1338712090361
3046,206 7th St,sold,141298,2,3,3669,33.53152336643041,-111.96006835049684
3047,395 Blake Pl,active,235507,4,1,2827,33.44629384012415,-111.88957810796127
3048,509 7th Rd,sold,219412,5,2,3153,33.54458937137934,-112.13236071274679
3049,183 Bush Way,active,158612,4,1,2089,33.38553137386108,-112.26544176149625
3050,509 Blake Pl,sold,116479,2,2,2627,33.47634253510251,-112.31799701270695
3051,673 Post Wl,active,234879,5,1,2783,33.46720774837255,-112.31632741413613
3052,205 7th Vis,active,203204,2,1,3754,33.412573568445936,-112.09018256020379
3053,755 Texas Cir,pending,122406,4,2,3003,33.41919343004216,-112.11565343224521
3054,417 7th Dv,pending,128656,2,3,2575,33.5547635154264,-112.07738455820424
3055,128 Mission St,active,253610,4,2,3395,33.461809993729034,-112.23342688265669
3056,687 Indiana Blvd,active,146218,5,3,2945,33.36359479400748,-112.22594724312371
3057,554 Walnut St,pending,271202,2,1,2517,33.586728844479254,-112.05805564921603
3058,315 Geary Rd,sold,124842,2,1,1260,33.45321870997763,-112.12217029083975
3059,542 Geary Rd,active,192704,5,1,2942,33.536242726995845,-112.25255442581397
3060,259 Walnut Rd,pending,291383,3,1,3918,33.54384370627637,-112.29234600017523
3061,40 Mission Way,active,148415,4,2,2805,33.48887346109705,-111.91966482452275
3062,350 Walnut Wl,sold,266413,5,2,1244,33.41975895294052,-112.04161013746894
3063,786 8th Vis,pending,263882,4,3,1113,33.4793790611024,-112.09072103130639
3064,299 Page Dv,pending,221982,5,3,3987,33.43493434551058,-112.09049194589186
3065,422 Walnut Way,sold,131528,2,1,2008,33.42576822671404,-112.00844945891568
3066,13 Wall Cir,sold,258671,4,1,2020,33.50641001225482,-112.27548059267957
3067,703 7th Trl,active,189891,4,1,2618,33.56768270848882,-112.06917352112724
3068,376 Mission Cir,sold,258206,5,3,2258,33.410668352556435,-112.16433113665637
3069,557 4th Trl,pending,277752,4,3,3609,33.3717117900737,-112.1898779017895
3070,653 7th Vis,pending,290118,2,2,1688,33.56596493946921,-112.22248575539176
3071,778 Indiana Pl,sold,242335,3,1,1605,33.375437136986534,-112.2453554592064
3072,753 Sutter Wl,sold,134838,5,1,3572,33.47130195607507,-112.31502645550333
3073,780 Wall Ave,active,274514,3,1,3945,33.48334894249472,-112.14229257526516
3074,708 8th Trl,sold,194582,4,3,1823,33.384311650790195,-111.9461014550352
3075,505 Page Wl,pending,116428,3,1,2364,33.409177487057555,-112.19531867262361
3076,653 3rd Ave,sold,245210,4,2,1345,33.562833145283314,-112.33734749625997
3077,207 Geary Ave,pending,165807,5,2,2421,33.48192434551706,-111.91985433968262
3078,526 California Trl,active,211206,5,3,3691,33.37393094511435,-112.03118622610862
3079,767 8th Ave,pending,244628,2,1,3087,33.56173316595222,-112.28680882695691
3080,372 Indiana Pl,pending,288553,4,2,2814,33.526811047410796,-111.95384158994618
3081,303 Bush Blvd,active,210090,3,1,1728,33.39544614286041,-112.09448202188528
3082,79 Walnut Wl,sold,218755,3,1,2124,33.555416565874744,-112.32175614593613
3083,133 California Dv,active,129721,3,3,1253,33.57900374857055,-111.88789790160695
3084,117 Bush Dv,pending,183364,3,2,2659,33.489487211644104,-112.05879915705852
3085,248 Indiana Dv,active,274676,5,2,3250,33.44077206817603,-111.99846209997122
3086,282 Geary Blvd,active,277406,4,2,1999,33.52351591871933,-112.23690868113368
3087,237 California Vis,sold,220076,4,3,3201,33.51449791366913,-112.08746426916383
3088,35 7th Cir,pending,168800,5,1,2630,33.563712308755235,-112.0892424302918
3089,136 Page Rd,active,146324,3,1,3116,33.39830432753979,-112.2774223988803
3090,639 Post Trl,sold,267137,4,3,1487,33.53164049437711,-111.96554844820628
3091,635 6th Wl,active,108603,3,1,2793,33.434065995396914,-112.16936243970241
3092,216 Turk Pl,pending,109868,2,1,3977,33.38071944849251,-112.05145689448759
3093,651 Page Pl,pending,163011,3,1,1002,33.37018264603674,-112.23164248125906
3094,480 Bush Cir,active,188450,3,2,2752,33.469265453427404,-111.92818570773495
3095,568 Post Dv,active,297576,5,2,1431,33.562184621641556,-112.00672532563027
3096,633 Page Trl,active,153567,4,3,3050,33.51916690450417,-112.32692117445254
3097,746 Texas Trl,active,195601,2,1,1800,33.389903902082835,-112.31031466815413
3098,367 Texas Rd,active,151572,3,1,3879,33.39957983175699,-111.925019076674
3099,519 Indiana Ave,pending,107939,3,3,1726,33.456019215915646,-112.31587417996006
3100,30 1st St,pending,202750,2,3,2731,33.55408864264961,-111.96285179610605
3101,765 Turk Blvd,pending,149860,2,1,3518,33.37140461953015,-112.14322569080902
3102,208 Page Ave,sold,102682,2,2,3263,33.4123060604903,-111.97458144302657
3103,388 3rd Rd,pending,206331,3,3,1152,33.42746641595499,-112.16764496188287
3104,213 Euclid Pl,pending,280981,4,3,3416,33.55730070759229,-112.15964301550682
3105,26 Pine Pl,active,219887,5,2,3637,33.429453093699664,-112.1469682299229
3106,247 Turk Wl,sold,249578,2,1,2114,33.40868192076824,-112.28732547600443
3107,133 6th Rd,sold,141647,5,2,3156,33.38719374049858,-112.06767358325727
3108,379 Bush Vis,pending,189183,3,1,3913,33.4119489958861,-112.0004634365648
3109,150 Euclid St,sold,226665,2,2,2349,33.44933152556575,-112.00866426790387
3110,273 Geary Rd,pending,130406,5,3,2988,33.44608826352848,-112.08297029824777
3111,266 Page Pl,pending,174584,2,3,2230,33.5688338137192,-112.20432282605023
3112,261 Geary Wl,active,249396,2,1,2253,33.581557004385566,-112.01915242306781
3113,134 5th Pl,sold,286359,5,1,2647,33.49903015991736,-112.2303128875629
3114,127 Turk Cir,pending,290501,5,3,2992,33.398599614363555,-112.24868131984378
3115,369 2nd Pl,sold,222998,5,2,3599,33.58295730208321,-112.26424461888594
3116,337 Turk Vis,sold,200448,2,3,3746,33.5172962586329,-112.18699232687757
3117,269 Franklin St,sold,222087,3,3,3617,33.566249147171895,-111.89442647275347
3118,334 8th Trl,sold,162778,5,1,2850,33.472833687224586,-111.96156866586618
3119,527 Blake St,pending,225757,4,3,3133,33.411206244520415,-112.03015115107961
3120,368 2nd Dv,pending,170955,5,2,2147,33.40389405684991,-112.067239902739
3121,130 Mission Trl,active,234907,3,3,1517,33.4190275738714,-112.19266566109074
3122,331 Wall Way,active,154028,5,1,1269,33.440346564647385,-112.2652814078366
3123,310 Blake Vis,pending,290997,2,2,3647,33.570572971784,-112.08003771076821
3124,132 Pine Wl,sold,151077,2,1,3039,33.500962408250466,-112.25293199966286
3125,463 Post Trl,active,284177,4,2,2205,33.453041353701536,-111.96757499471337
3126,581 3rd Trl,sold,190024,5,3,1141,33.56511070835983,-112.09958985038315
3127,117 Mission Dv,sold,264756,4,3,1550,33.49736540907931,-112.21710693661753
3128,512 5th Way,pending,118988,4,1,2724,33.49155798298622,-112.20681892078422
3129,679 Geary Pl,pending,165398,5,3,3849,33.40315099034551,-112.36031650164314
3130,135 Post Pl,sold,251551,5,1,2522,33.44353647414243,-111.99335501148182
3131,203 Turk St,sold,217959,2,3,2732,33.41492120522384,-112.00182294411401
3132,706 5th Vis,sold,134499,5,3,3847,33.37690890286107,-112.16214234077083
3133,611 California Trl,sold,267400,3,2,2240,33.50213000061289,-112.27572100952521
3134,43 Euclid Blvd,active,175077,5,2,3930,33.56846494752214,-112.27756589249638
3135,456 7th Way,active,161454,3,2,1420,33.517468197294555,-112.18931256220876
3136,401 Page Blvd,pending,229332,2,3,2526,33.42818483659453,-112.19749468661216
3137,419 3rd Way,pending,239231,5,1,1209,33.423839826626406,-111.96150312273748
3138,639 Indiana Rd,active,245377,3,2,2390,33.41555875370285,-111.96683173273244
3139,202 Pine Dv,active,278548,3,3,3722,33.59395550628282,-111.91831241087507
3140,674 Wall Ave,active,292106,5,3,2138,33.39898575643239,-112.06480214235641
3141,109 Blake Ave,sold,165318,2,3,3250,33.44200067225234,-112.18619609973567
3142,79 Post St,pending,281694,2,2,3650,33.59303320649484,-112.01472417270288
3143,564 9th Rd,active,192395,2,3,2204,33.466748576825026,-111.95530633793835
3144,555 4th Vis,active,146907,5,2,2614,33.43632964896463,-112.25748488436894
3145,500 Indiana Way,active,231299,3,1,3286,33.406638503360014,-112.32230222177495
3146,46 4th Way,sold,119401,5,3,2288,33.58171635350341,-112.07875573907697
3147,406 Mission Trl,active,112003,2,1,2580,33.561753420053286,-112.10834469577584
3148,151 8th Ave,pending,258586,2,3,3847,33.426678343704836,-112.00920762532029
3149,633 9th Way,sold,227627,5,1,1302,33.37393132230934,-112.23987919560469
3150,729 Post Pl,pending,121868,2,3,3694,33.58185833558904,-112.03469324231924
3151,675 2nd Ave,pending,289963,5,1,1990,33.45730284016266,-112.2199542281098
3152,297 Indiana Vis,pending,189233,4,2,1778,33.46191462513468,-111.88339788596953
3153,502 Franklin St,sold,289680,3,1,3504,33.5843442261027,-112.05718165736981
3154,95 Walnut Blvd,sold,292363,3,3,2231,33.52391524436178,-112.14229095419707
3155,370 Turk Cir,pending,217847,2,3,2555,33.50638933649478,-112.18522182054558
3156,644 Wall Pl,pending,115656,2,1,1574,33.4632540363181,-112.16039062660694
3157,636 Indiana Rd,active,208391,5,1,1923,33.42384014820371,-112.15438264172154
3158,690 8th St,pending,120323,2,1,1419,33.4941312438953,-112.09455625590176
3159,581 Wall Cir,active,156468,5,3,2752,33.59216895134057,-111.8874254725428
3160,13 3rd Way,pending,117020,4,3,3301,33.53968703225969,-112.28233581563988
3161,579 6th Cir,pending,180206,5,3,3373,33.45502089311329,-112.27770818447476
3162,490 Walnut Wl,pending,113369,3,3,2450,33.52444430017704,-112.09427543877116
3163,79 3rd Way,active,146452,5,1,1091,33.519115750728574,-112.27630098252038
3164,244 9th Pl,pending,198154,5,1,3962,33.49045095278962,-112.20066349830532
3165,772 Texas Vis,sold,103662,3,2,2324,33.475564072583936,-112.03913000798288
3166,378 Mission Way,sold,213686,3,1,3224,33.49375799931532,-111.88351288964174
3167,270 Sutter Cir,active,281281,4,1,3985,33.540068278333116,-111.94447286680322
3168,750 Turk Way,active,127064,3,3,2948,33.521119438573436,-111.97777961733874
3169,124 Geary St,pending,193779,4,1,1989,33.454241559037705,-111.89824676993123
3170,732 Texas Rd,sold,199487,3,3,3824,33.459807021200014,-111.99824023026845
3171,200 Wall Way,pending,159143,2,3,2626,33.44805318179672,-112.17607981536125
3172,246 Wall St,sold,161030,2,3,3561,33.43507973888435,-112.18846966876302
3173,440 Page Wl,pending,228041,3,3,1528,33.52696726002771,-112.06689817802021
3174,107 8th Pl,active,132308,5,1,2356,33.506466942280234,-112.1937331311131
3175,73 5th Cir,sold,156662,5,2,1913,33.444514974958594,-112.07125797419523
3176,776 Sutter Cir,active,259214,2,2,3983,33.51980620702054,-112.05304225497754
3177,404 9th Way,sold,222325,2,3,2043,33.49220334951586,-112.13413551712924
3178,254 6th Way,active,257083,4,3,1367,33.42957668977335,-112.30908098541124
3179,583 4th Pl,active,171629,3,2,1574,33.506990497443965,-112.29677434255947
3180,800 California St,pending,170938,3,3,1672,33.53360085800587,-112.16135295566386
3181,182 Texas Dv,sold,204001,3,2,2758,33.42487198507729,-111.93829645572264
3182,56 Euclid St,sold,150178,5,1,3269,33.38209412682803,-112.20243569474755
3183,44 3rd Dv,active,160077,4,1,1050,33.392389491263266,-112.26624536407112
3184,59 Indiana Rd,sold,294191,4,1,2695,33.4649137863093,-111.97417350796218
3185,112 Page Vis,pending,109737,5,3,3481,33.58877195768359,-112.29797607328065
3186,474 9th Blvd,sold,144499,3,3,1462,33.50140329877011,-112.09401896620636
3187,325 California Wl,sold,264851,4,2,3619,33.409506959266366,-112.06584990929346
3188,328 6th Wl,active,205767,3,3,3973,33.40043145322634,-112.08385767326861
3189,162 7th Rd,sold,230165,3,2,3257,33.589674522086426,-112.35707523849324
3190,668 Wall Way,pending,210376,4,2,2504,33.485334530929165,-112.1222581739091
3191,283 Sutter St,active,280020,2,2,1022,33.45935587707259,-112.23593098610426
3192,420 Bush Rd,pending,297640,4,2,1025,33.49994583062663,-112.316733573501
3193,14 Post Pl,pending,125918,2,1,1711,33.58361798243092,-112.16684165015587
3194,389 Texas Cir,sold,179615,5,1,3633,33.45276654342803,-112.33995456206146
3195,608 Post Dv,active,153951,2,1,1430,33.397892895317916,-112.22835822519124
3196,571 Post Pl,sold,238385,4,2,1276,33.514347490596805,-111.96134815211092
3197,510 Page Way,sold,292823,3,2,2107,33.50031723354918,-112.2948330584879
3198,790 4th Pl,active,212399,5,3,2386,33.5842336743473,-112.25931892436847
3199,333 California Blvd,pending,196539,5,2,1081,33.482174536358826,-111.8827066889327
3200,441 Geary Blvd,pending,179045,4,1,1544,33.51041818227455,-111.95686458562376
3201,10 Post Rd,pending,231414,5,1,1181,33.41668122212908,-112.29900384953866
3202,453 5th Vis,pending,202805,5,3,3298,33.37373551018272,-111.96888270978984
3203,126 Turk Ave,active,210234,3,2,1972,33.409539876902215,-112.17218427951448
3204,132 1st Cir,sold,201431,5,3,2540,33.569299953205416,-111.97766551641186
3205,87 Sutter Blvd,active,183186,3,1,1523,33.43703662349085,-112.0345733207014
3206,458 California Trl,sold,153024,4,2,1689,33.49740110235351,-112.13448459742725
3207,326 Geary Blvd,active,228813,4,1,1150,33.574742760252846,-111.99149623181422
3208,543 Page St,active,286035,2,1,3227,33.461714615489534,-112.02317352475582
3209,70 Texas Wl,active,157621,4,1,3219,33.429785266587395,-112.12420296441239
3210,665 6th Wl,pending,169618,4,1,2795,33.558745636366844,-111.9886537355431
3211,572 Pine Ave,sold,174565,4,1,3064,33.48187807159049,-111.89722338946301
3212,500 Turk Trl,sold,242252,4,1,3743,33.408920428884024,-111.95815017116524
3213,364 Texas Rd,sold,123240,4,1,1577,33.57415769750272,-111.99291820974433
3214,696 Mission Pl,sold,228144,2,3,3174,33.53769581760333,-112.15691871181794
3215,557 Blake Cir,sold,251429,3,1,2618,33.48387259301545,-112.23177189033457
3216,208 7th Pl,active,174007,4,1,3843,33.37106385553047,-112.1994974576619
3217,603 Texas Dv,pending,264677,5,1,2713,33.518476591495165,-111.87976563285002
3218,600 Geary Blvd,pending,235008,2,1,1316,33.44862460440387,-112.32261193306374
3219,239 8th Way,sold,298084,5,1,1148,33.45864477728483,-111.94746604360824
3220,96 Franklin Way,active,108757,2,3,3621,33.57749409087021,-111.90178584473377
3221,61 Franklin Dv,active,107343,5,3,1481,33.425393360716576,-112.1120485502656
3222,763 Bush St,sold,220434,3,2,3837,33.50601980642858,-112.07530828593963
3223,300 California St,sold,246025,4,2,1044,33.55343401968519,-112.34560325327075
3224,192 Geary Wl,active,141787,4,1,3919,33.55273104481024,-112.05338658968576
3225,493 Wall Blvd,pending,107719,3,2,3115,33.428639233499005,-112.34951185852252
3226,122 9th Rd,sold,291866,2,3,1325,33.36683172584672,-112.22073900885925
3227,521 Walnut Rd,active,244549,2,2,2380,33.49869204048337,-112.07499989723694
3228,297 8th Blvd,sold,285772,2,2,2914,33.51406272756895,-112.26385632064836
3229,476 3rd Ave,active,252057,3,2,1884,33.473358225943905,-112.0653322450112
3230,64 Geary Way,pending,171792,2,2,1880,33.454483379466424,-112.21787099237923
3231,687 Euclid Trl,sold,133136,2,2,2324,33.496267665241064,-112.17033249218112
3232,86 Pine Way,active,165702,5,3,2340,33.45003695708461,-112.146465477927
3233,448 6th Cir,pending,239416,4,2,3313,33.37665832265238,-112.05677129840403
3234,564 Wall Ave,sold,291767,3,3,3780,33.49943215113883,-112.29853803828202
3235,793 1st Cir,sold,228799,2,3,2514,33.587267954232225,-112.16158143355605
3236,484 California Wl,sold,138728,4,1,1688,33.41118796852406,-111.88598379352547
3237,160 California Trl,pending,260473,5,1,3388,33.50433274895925,-112.31614913300173
3238,412 Page St,pending,285851,4,1,3076,33.45941227334267,-112.01806346406413
3239,37 Bush Cir,pending,280820,4,3,3083,33.593121400504145,-111.97367652113007
3240,80 Indiana Dv,active,163047,5,1,3212,33.45034895351922,-112.35660286719633
3241,596 Indiana Dv,active,138318,2,1,2743,33.369141725997345,-112.25938868098929
3242,147 2nd Cir,active,194242,5,2,2960,33.48284848003993,-112.08958092238875
3243,81 6th Blvd,active,205234,3,2,3918,33.42294980341991,-112.128474608801
3244,626 Walnut Trl,sold,238058,3,1,1471,33.53692171445789,-112.35995223849979
3245,648 Blake Blvd,sold,286837,4,3,1328,33.56266771920194,-112.14987112514065
3246,410 Turk Wl,sold,100461,4,3,2844,33.50751519359363,-112.04384161088632
3247,717 Texas Rd,active,115004,4,1,3522,33.38444214930369,-112.2708530016383
3248,547 Blake Blvd,pending,138195,4,3,1768,33.46105129952318,-112.01410737804264
3249,308 Bush Dv,active,229926,3,2,1245,33.58846450819813,-111.98330520460536
3250,66 Walnut Dv,active,287942,2,1,2877,33.56974157164244,-112.06549585528151
3251,194 3rd Blvd,pending,260828,5,1,2775,33.57127556340362,-111.89643771486223
3252,179 1st Way,pending,272509,5,3,1214,33.49233928928193,-112.29792055791329
3253,709 Indiana Pl,sold,136626,2,1,1440,33.397972087880596,-111.88082071593321
3254,269 6th Cir,sold,240110,4,1,3010,33.39595080461722,-112.09785971889426
3255,206 9th St,pending,175801,5,3,2459,33.491086906369176,-112.01543512009472
3256,41 Franklin Pl,sold,275839,2,2,2533,33.3840004979583,-112.27851783067635
3257,460 Page Cir,sold,140556,2,3,1933,33.394112328273295,-112.03110717243321
3258,559 7th Blvd,active,283071,2,2,2543,33.50075792723859,-112.24890865907741
3259,339 Post Blvd,pending,142159,2,3,2505,33.569200002573986,-112.03510074871373
3260,545 7th Blvd,active,177018,4,1,1116,33.58228564823056,-112.16532380742053
3261,36 7th Trl,pending,160372,2,2,1121,33.54741726394908,-112.02372137800579
3262,174 Turk St,sold,200831,3,3,1143,33.464365135905986,-112.05815585370627
3263,203 Post Blvd,active,157079,2,1,2891,33.41277577901062,-112.26705983780478
3264,238 Euclid St,sold,273811,4,1,2867,33.451201509621136,-112.0526668920705
3265,423 8th Pl,sold,201896,5,1,2912,33.49342139134601,-112.32044523149787
3266,762 Post Blvd,active,113212,5,3,3730,33.543291929033415,-112.36148603270384
3267,122 3rd Blvd,sold,134968,2,2,2311,33.59057773816984,-112.16889402661728
3268,375 Euclid Way,sold,149395,2,2,2605,33.39686399914647,-112.36142235998624
3269,453 9th Wl,pending,244224,3,3,2934,33.572931555908774,-111.88846139068704
3270,329 8th Dv,sold,238098,5,1,2002,33.54808298670087,-112.12416577231659
3271,106 California Rd,pending,123196,5,3,2233,33.43344684101007,-112.10956501764134
3272,544 Texas Cir,sold,220628,4,3,3822,33.50758352277032,-112.2367238289402
3273,385 6th Way,sold,241964,2,2,2513,33.551789764949376,-112.0440867733067
3274,769 Geary St,sold,290018,4,2,2395,33.5091283030967,-112.07970056258682
3275,233 Franklin St,active,197568,4,2,1258,33.59040771023811,-111.92502055795404
3276,747 Euclid Vis,pending,288392,5,2,3494,33.452726703588326,-112.2981929507815
3277,181 Texas Pl,active,223136,5,2,3463,33.477471919037995,-112.25686217744774
3278,189 8th Wl,sold,228022,2,2,3554,33.43902444154269,-111.92171844939158
3279,486 Texas Cir,active,230208,2,3,3168,33.53746057550898,-112.17551867800012
3280,303 Euclid St,sold,180726,5,2,1351,33.51244182304118,-112.35093609736843
3281,441 Walnut Vis,pending,120973,5,1,1901,33.368711201131894,-112.13402454791662
3282,451 Franklin Cir,sold,245496,2,2,1363,33.567746418220864,-111.97262977967289
3283,699 8th Pl,sold,235370,3,3,2955,33.461643217261155,-111.91983992336566
3284,771 California St,sold,125947,4,1,3314,33.36434334381017,-112.17981271640517
3285,224 Euclid Way,sold,155345,2,2,1662,33.481180240120764,-112.05107426451612
3286,464 Wall Blvd,sold,183897,3,1,2721,33.57899389069157,-112.28488461463856
3287,796 Bush Rd,active,189870,4,2,1232,33.540347055575,-112.05944054787899
3288,609 Pine Ave,active,178465,5,2,2287,33.477399759346056,-111.8956308526973
3289,409 8th Ave,pending,243291,2,3,1528,33.47739809075243,-112.14872699185759
3290,258 Walnut Cir,active,101683,4,2,3922,33.41552648596388,-112.17685935712657
3291,547 2nd Vis,pending,265328,5,1,1818,33.592845925068545,-111.9281209724673
3292,227 Mission Trl,pending,104808,3,1,2093,33.44810544892992,-112.21836297379862
3293,460 Franklin Dv,active,258783,2,1,1952,33.57377457575372,-112.09909994210695
3294,614 Wall Rd,active,207496,4,3,3474,33.430880715592465,-112.32257822058727
3295,126 Sutter Rd,pending,175531,5,2,3051,33.42516574827193,-112.09991149601547
3296,125 Post Wl,pending,161811,4,1,2209,33.44604774263156,-112.2341667807598
3297,55 Page Dv,pending,245777,4,1,2854,33.582044162224825,-111.9474215190173
3298,652 4th Vis,sold,107327,5,1,2922,33.43129581945891,-112.07781019710372
3299,676 5th Pl,sold,160199,5,2,3079,33.430050194788706,-112.01430766331818
3300,263 Page Trl,sold,184769,4,3,3921,33.44379853264351,-112.27756588275152
3301,524 5th Blvd,active,122753,4,1,2162,33.36751612853295,-112.09908350364302
3302,257 Walnut Vis,pending,294623,5,1,3741,33.46309727384672,-112.08326753283814
3303,368 6th Cir,pending,257460,4,1,1559,33.49569611985624,-112.32811683238751
3304,538 Euclid Vis,active,115369,5,2,3553,33.49416223963161,-112.03673665914187
3305,798 Indiana St,pending,293996,5,1,3617,33.423541486470846,-112.28616999526915
3306,583 Post Trl,sold,145433,4,3,3881,33.50309173792149,-112.18534771167853
3307,173 Post Wl,active,126959,4,3,2464,33.52484323387366,-112.14502555405963
3308,643 Euclid St,active,220542,5,1,3213,33.56109560157728,-112.17743411859784
3309,381 Texas Ave,sold,265671,3,1,3015,33.54560902734917,-112.19636617686986
3310,402 Wall Pl,sold,243239,4,2,3362,33.364511455778455,-112.18899277804854
3311,720 7th Dv,sold,129341,5,1,2824,33.40652758537512,-112.18814558953726
3312,62 California Blvd,pending,257040,3,3,3470,33.408060718139154,-112.11147423509908
3313,245 8th Trl,active,102819,3,2,1748,33.37823696077656,-111.90455322365791
3314,694 Geary Way,active,135245,2,2,3188,33.47399403512976,-112.09398505818005
3315,699 9th Rd,pending,150989,4,1,3057,33.56215404440095,-112.30592261332457
3316,213 3rd Ave,sold,169960,5,1,1948,33.464874768750704,-112.19893916307926
3317,686 Turk Wl,pending,291623,4,2,3844,33.4968661368741,-112.0228330725692
3318,587 Franklin Wl,pending,192380,5,1,1645,33.38081757342496,-112.25714031127369
3319,662 Bush Rd,active,255490,2,2,1241,33.51708711260062,-112.16801129394828
3320,98 Geary Pl,pending,146024,5,3,3956,33.41747686399836,-112.12191519307017
3321,575 Page Pl,active,236599,4,2,1658,33.49854987161467,-111.96722398374604
3322,126 7th Vis,pending,245592,2,3,2130,33.4533763280571,-112.11833733148119
3323,448 Turk Cir,pending,167710,5,2,1452,33.38671199517555,-112.20648156195361
3324,578 Sutter Wl,sold,161134,3,1,1177,33.49219325140438,-112.0086860970267
3325,294 7th Ave,sold,173417,3,1,2095,33.39048194410982,-112.1085266520217
3326,677 5th St,pending,195517,3,3,2205,33.461503438055566,-111.97221403479148
3327,224 Geary Pl,active,102738,5,1,3459,33.5837974217556,-112.21864881756913
3328,750 Pine Trl,pending,215038,5,3,3104,33.5680946274254,-112.15367520090986
3329,502 1st St,pending,216197,5,2,1578,33.582236228452686,-112.16241956756436
3330,354 Mission Blvd,active,112767,4,1,2258,33.51918592002269,-112.00076789008992
3331,45 Indiana Pl,pending,251386,5,2,3823,33.40956825349231,-112.16544040627646
3332,385 Pine Trl,active,163191,2,1,3800,33.53473606373424,-112.2462060137273
3333,701 Mission Trl,sold,107622,4,1,2064,33.57241827817945,-111.99222459156475
3334,262 5th Wl,active,237594,4,1,3755,33.454702578950354,-112.0170588013888
3335,635 California Rd,sold,139133,2,2,1106,33.43602737214635,-112.2518158648738
3336,504 2nd Ave,sold,156433,3,1,2259,33.453576628903306,-111.96855507362672
3337,742 5th Rd,pending,191389,3,3,2414,33.3916625189804,-112.26603145467294
3338,420 Page Wl,active,260847,2,3,3840,33.37349262271541,-111.94447545186424
3339,688 2nd Trl,sold,241695,5,3,1979,33.575210558204766,-112.27936735954756
3340,398 3rd Vis,pending,176199,3,3,3932,33.382718200491624,-111.99383528380372
3341,157 4th St,pending,231537,2,2,1196,33.42958341881069,-111.9380207994004
3342,279 Pine Rd,active,148898,2,1,1118,33.3610465912959,-111.95883527802376
3343,496 Indiana Wl,active,255201,5,3,3338,33.495687812405414,-112.29515837791898
3344,438 Turk Dv,pending,133286,3,1,1737,33.54707840034511,-112.17173264970143
3345,568 3rd Ave,sold,160620,2,1,1744,33.56006059439123,-112.00769861205823
3346,755 Turk Cir,sold,212561,3,3,3736,33.40664371832047,-112.0607325543747
3347,238 Wall Dv,pending,145169,4,3,3299,33.435577854693825,-111.87510037843755
3348,535 1st Cir,pending,246507,3,1,1115,33.567878994752355,-112.32089350529421
3349,399 Post Blvd,sold,109068,5,2,1475,33.37004151692189,-112.28969761055504
3350,637 2nd Dv,sold,260196,5,1,1951,33.407247554692354,-112.06120188186401
3351,719 Turk St,pending,196601,4,2,2280,33.402351091431136,-112.27217397257824
3352,376 Blake Pl,sold,186465,5,1,1816,33.56114001136392,-112.19348406640876
3353,202 Wall Vis,pending,269163,5,2,2959,33.59365477787889,-112.25366503903462
3354,778 9th Wl,pending,263417,3,1,2136,33.49189367778004,-112.1128079787103
3355,499 Bush Dv,pending,274570,3,1,3654,33.49221177161875,-112.07172353423198
3356,328 9th Rd,active,255103,3,1,2015,33.477851924033395,-111.95801152064355
3357,77 5th Trl,pending,197080,2,1,1530,33.44266427207951,-112.34056806514813
3358,490 Post St,pending,160848,5,1,1827,33.59192111673155,-112.11181281219739
3359,662 7th Vis,pending,203784,2,3,1093,33.49482835942657,-112.1865422102383
3360,719 5th St,pending,137948,4,1,1501,33.5852263424001,-111.88850274024848
3361,692 4th Dv,active,200900,5,3,2267,33.441781042164074,-112.0276988194324
3362,265 6th Ave,pending,225781,3,3,1588,33.41005144975669,-111.97167369952231
3363,268 Walnut Way,sold,297179,4,2,3008,33.46763480094069,-112.01541362371171
3364,287 Page Dv,pending,114950,5,3,3852,33.521591817657175,-112.23017561725814
3365,711 9th Blvd,active,298616,4,3,3170,33.395632254750254,-112.08792538032581
3366,62 7th Trl,sold,177133,2,1,1525,33.362754415686126,-112.2621168800228
3367,324 Euclid Wl,active,281305,4,2,2760,33.43607318684686,-112.1145038243919
3368,531 Blake Wl,pending,288140,4,1,1692,33.36898223569553,-112.19479198376965
3369,670 5th Way,sold,184498,2,2,3120,33.467371317992814,-111.98843528634647
3370,200 Texas Blvd,sold,261228,2,2,3238,33.38381593998417,-112.22820825737257
3371,403 4th Wl,active,129581,5,3,2873,33.58075347235367,-111.97867824031675
3372,44 7th Trl,sold,174732,3,1,2180,33.562869420763825,-112.25971949730345
3373,273 Wall Trl,pending,194905,3,2,3318,33.42128896413604,-111.96785075841841
3374,263 5th Pl,active,100453,3,2,3213,33.45868395489151,-111.9725431879288
3375,441 Wall Trl,sold,143618,5,3,2803,33.5240162077308,-111.97456611461749
3376,319 Mission Pl,active,209610,3,3,2372,33.492605741059016,-112.28755103165942
3377,137 1st Trl,active,237223,2,2,1641,33.44122187138063,-112.14551884065668
3378,749 Franklin Pl,pending,193234,5,1,3370,33.417569486780145,-112.23985446539993
3379,224 Pine Blvd,pending,109682,4,3,2039,33.39604096483515,-111.97111331340727
3380,130 Blake Dv,pending,168070,2,1,2223,33.36209702446053,-112.10671459839234
3381,688 5th Blvd,active,176744,5,2,2639,33.3990641605362,-112.10044951371599
3382,452 3rd Dv,pending,271206,5,3,2209,33.43228760520747,-112.16493128379392
3383,715 Euclid St,sold,226266,4,2,1585,33.4123983335676,-111.9970414986933
3384,666 6th Cir,sold,231080,3,3,3473,33.56282840145041,-111.89319998727247
3385,291 3rd Blvd,sold,158776,2,2,2601,33.53793661346374,-112.17681763435856
3386,560 7th Vis,active,139222,2,3,2761,33.57846868644936,-112.04657029632966
3387,634 Pine Wl,pending,267738,2,3,1729,33.4075338560049,-112.26756740509074
3388,15 Turk Cir,active,116083,2,1,1392,33.475874229565036,-111.96811128013087
3389,672 7th St,sold,183011,4,2,2603,33.49840014292527,-111.98061607388308
3390,72 6th Ave,active,151277,3,1,2050,33.52908539442617,-112.29235006604505
3391,425 2nd Ave,active,225325,3,3,3345,33.57288110326221,-112.16291949275265
3392,490 Geary Rd,active,201073,5,3,1318,33.55059599272521,-112.2543729025478
3393,60 1st Trl,active,190574,5,3,1398,33.56857293806301,-112.25117850232284
3394,259 Turk Wl,pending,176884,3,3,1019,33.533860192869774,-112.00970976874892
3395,70 8th Cir,pending,205609,3,3,2521,33.47606073510558,-112.11703150030037
3396,614 5th Dv,sold,132256,4,1,3598,33.59001297965257,-112.29377431345301
3397,713 Geary St,pending,151829,2,2,2268,33.433247120571615,-112.29006073683281
3398,657 California Blvd,sold,137726,5,1,2024,33.38705021452527,-112.14857120922942
3399,157 Walnut Blvd,active,134961,5,1,1114,33.44126418928669,-111.94241465236948
3400,434 Walnut Pl,sold,124763,3,3,2594,33.430037148156565,-111.9651490749283
3401,458 Walnut Wl,sold,296770,5,1,1502,33.53399214980857,-112.3417689022667
3402,441 Sutter Wl,sold,118258,4,2,2507,33.40147916650156,-112.18028593054714
3403,743 9th Blvd,pending,292496,5,2,1267,33.43897942116648,-112.0378911949865
3404,643 4th Way,pending,274769,5,1,3242,33.49256766711329,-112.09808961377287
3405,457 Turk Ave,sold,272581,3,3,1987,33.50386282713835,-112.16547192519876
3406,489 Turk Wl,pending,132682,4,1,2471,33.41230379180947,-112.2033969558283
3407,689 9th Vis,pending,201462,2,2,2982,33.53519636600224,-112.08650177576057
3408,245 2nd Ave,active,250950,4,2,1141,33.55451068078394,-112.31500740089876
3409,418 Franklin Rd,sold,170448,2,1,2292,33.37483063262341,-112.17112310819047
3410,490 9th Ave,sold,263405,5,2,1379,33.454265927942956,-112.0691675429471
3411,191 7th Dv,active,179430,3,3,3957,33.484866969147845,-111.94386770046597
3412,401 Post Cir,active,149593,2,2,2530,33.48093847708907,-112.20041141375899
3413,693 Geary Trl,pending,178963,4,2,3790,33.58981272117446,-111.92954943164423
3414,224 Post Dv,active,153264,3,2,3712,33.453338233321126,-112.20042813965607
3415,507 Texas Dv,sold,217172,2,3,3276,33.395206085819396,-111.94308898883378
3416,421 Page Cir,pending,173870,4,1,3935,33.39401254851087,-111.99999048683313
3417,515 9th Blvd,active,267174,4,2,3859,33.51956426907885,-112.0966363284763
3418,567 Wall Wl,active,151361,4,3,3583,33.46374090873411,-112.30705672308308
3419,439 Turk St,pending,254485,2,1,1078,33.55379812530657,-112.14875283140422
3420,310 Mission Blvd,pending,193246,4,3,3789,33.42362711238309,-112.08857913584292
3421,275 Walnut Blvd,pending,123117,4,3,3262,33.50299662547091,-112.25312339627226
3422,585 4th Blvd,active,203285,4,3,1053,33.383648609468196,-111.93133471730044
3423,24 Turk Dv,pending,280263,5,1,2327,33.37054085304895,-112.03717948348766
3424,138 Euclid Pl,active,196091,4,2,1674,33.46718884916494,-112.21834661400811
3425,128 California Trl,active,117140,3,1,1711,33.56452422436461,-112.23172133110968
3426,31 Post Wl,sold,157286,5,2,2692,33.458520055191755,-112.25648297113165
3427,276 Texas Rd,pending,214474,5,1,3235,33.365619359660606,-112.12840360551539
3428,398 Bush Ave,pending,253994,4,3,2396,33.58719344364803,-111.94729565126094
3429,151 4th Pl,sold,156384,2,2,1774,33.36971659194828,-111.87658826992848
3430,581 California Wl,pending,258336,4,2,3228,33.383380361722836,-112.31704271228502
3431,657 Bush Trl,active,279177,5,3,2053,33.45732813549667,-111.92287603795116
3432,656 1st St,active,212944,4,1,1930,33.58656926580051,-112.06816337224227
3433,479 Page St,pending,244854,4,1,1799,33.442239009090464,-112.11326320737086
3434,571 7th Way,pending,118633,2,3,3182,33.5392817209257,-112.2382431263987
3435,480 3rd Way,sold,147959,3,2,2952,33.37525772948511,-112.25745911557145
3436,622 Walnut St,sold,124316,2,3,3977,33.55038172004791,-111.93880225470114
3437,671 Wall Pl,pending,249977,3,2,1174,33.47148591351976,-112.35895038181711
3438,588 9th St,active,141042,2,1,2096,33.57179248603408,-111.95713343224354
3439,313 Sutter Trl,pending,165211,4,3,1178,33.5143816006659,-112.17433353502183
3440,650 Walnut Way,sold,190275,5,3,3969,33.58648123946166,-112.25262133432999
3441,33 California Wl,active,278846,2,1,3154,33.47626590262235,-111.91215493758077
3442,201 5th Pl,sold,123491,2,2,3154,33.46195964021192,-112.16144968948657
3443,429 California Dv,active,268131,5,1,2579,33.49962094087542,-111.94071952583839
3444,40 Sutter Wl,sold,197450,5,2,2542,33.39908918310997,-112.0032796588431
3445,164 Euclid Ave,sold,254318,3,1,2707,33.41143951783238,-112.35052743292607
3446,648 Bush Trl,sold,268975,2,1,3045,33.36906444611631,-112.30050383542351
3447,717 9th St,sold,173466,3,1,3160,33.56300191430035,-112.20850311906626
3448,84 Geary Trl,active,232506,5,3,3541,33.555419077760305,-112.22053817298043
3449,578 4th Pl,active,235779,2,3,2445,33.584332806127044,-112.0262608470115
3450,295 Geary Rd,sold,153255,4,1,3052,33.57125149864503,-112.02033159091593
3451,173 Page St,active,235122,4,1,1867,33.511518739568785,-112.10841472759255
3452,551 3rd Pl,pending,271487,5,1,3693,33.59358402825205,-112.30752654787938
3453,162 5th Ave,sold,256703,3,3,2666,33.50530319673168,-112.27648661078662
3454,203 Euclid Rd,sold,293705,2,2,3438,33.456452615851184,-111.95938375655116
3455,737 Sutter Trl,pending,190796,4,3,1692,33.4228154327277,-112.10697168823881
3456,205 Post Rd,pending,106348,4,3,2436,33.52159813704004,-112.34757360775401
3457,245 Blake Cir,pending,255839,5,3,1689,33.52923405603001,-112.07071376807815
3458,232 1st Vis,pending,198945,4,3,3827,33.41981972907579,-112.13331657822611
3459,51 Indiana Vis,pending,204975,5,1,1630,33.371549506059544,-112.04493406733278
3460,256 5th Blvd,pending,194304,5,1,2196,33.38393649752023,-112.34669090854918
3461,114 Bush Trl,sold,151747,2,2,2577,33.50999611568283,-111.97256744132007
3462,629 7th Way,active,149893,3,3,3303,33.48392011366332,-112.26516832241234
3463,321 6th Trl,active,299551,4,3,1549,33.50721372573969,-112.28213642502836
3464,335 4th Pl,sold,100136,3,1,3376,33.542470773417975,-111.90466862484294
3465,304 3rd Dv,active,200661,4,3,2748,33.36194041882339,-111.96842192928796
3466,700 4th Dv,sold,283361,4,1,3845,33.4890962469455,-112.36016223725997
3467,296 Mission Dv,active,117438,3,2,1786,33.421862115202174,-112.28946859060808
3468,685 Geary Rd,pending,214045,2,2,3124,33.382792875128885,-112.3552334096796
3469,99 8th Rd,sold,241564,5,1,1254,33.50521939909528,-112.35805956770774
3470,258 Walnut Ave,sold,204027,4,1,1487,33.430818227450516,-112.141826356473
3471,797 7th Rd,active,133135,4,2,3882,33.372045695388714,-111.97816571806956
3472,221 California Dv,pending,176441,3,1,1255,33.531998631477116,-111.9955426770416
3473,353 Turk Dv,active,262080,2,2,2396,33.52082458455868,-112.34339580624122
3474,513 5th Wl,pending,193537,3,3,3277,33.56172014936233,-111.94147323060308
3475,636 Pine Wl,sold,226256,5,2,2324,33.41844802601718,-112.30240161803036
3476,699 4th St,active,112415,4,2,3508,33.41272490668589,-112.23527514782235
3477,169 Mission Vis,pending,195306,5,3,1957,33.463632940119496,-112.0939906166845
3478,80 7th St,sold,162755,2,3,3970,33.39291946671671,-112.19839234181993
3479,336 8th Ave,active,244457,4,3,3538,33.39677418872303,-111.97987921792759
3480,231 4th Dv,active,284203,4,2,2528,33.50507693735257,-112.05121465281638
3481,752 Blake Rd,pending,232669,4,2,1025,33.39018166689816,-112.21808065707971
3482,193 Wall Trl,active,148955,4,2,3652,33.438237827332884,-112.05429959591557
3483,649 Post Wl,sold,143755,3,1,2680,33.52312667119187,-111.95674182282745
3484,514 3rd Wl,pending,187358,2,3,3874,33.409990358312406,-112.06920876131326
3485,21 Wall Way,active,110618,5,1,2519,33.46359899673762,-112.28759380029562
3486,689 Sutter Rd,sold,226838,3,1,3142,33.367309714673496,-112.28701437715476
3487,552 Turk Trl,active,106191,5,3,2125,33.385052879222734,-111.98795393930408
3488,279 Sutter Rd,sold,203333,5,1,1959,33.53652194772848,-112.10872368919557
3489,635 Post Pl,active,207768,4,3,3347,33.47305181782794,-112.20164158479722
3490,633 Indiana Rd,active,185591,3,1,1270,33.40575198722445,-112.18341626979179
3491,554 Franklin Dv,sold,140612,4,1,2155,33.54696800990937,-112.12476384755202
3492,625 2nd Trl,active,123982,4,1,2316,33.47754372071283,-112.07186814395575
3493,787 6th Dv,sold,288078,3,3,2088,33.420996730548616,-112.24124041409712
3494,217 Mission Vis,active,138736,4,1,1614,33.56022652209412,-112.348808613197
3495,613 Texas Cir,pending,183454,5,2,2324,33.44469709581166,-112.1139118367995
3496,388 7th Wl,pending,247859,2,2,1302,33.37478235069538,-112.10318242493871
3497,570 Turk Way,sold,159640,2,3,1280,33.52797996608143,-111.96124055506175
3498,37 Post Rd,active,263191,4,2,3438,33.4039189046919,-112.00915660835551
3499,633 8th Trl,sold,241806,4,2,1068,33.52782381311532,-112.01846978454275
3500,229 5th Pl,sold,242500,3,2,3273,33.44951769445607,-111.93415567911995
3501,623 Bush Dv,pending,256224,5,1,2332,33.54330269129963,-112.05058380028949
3502,633 Bush Trl,sold,155722,2,2,2879,33.523213602705304,-112.0054940895944
3503,758 2nd Dv,sold,229477,2,1,1688,33.42826415193135,-111.96313977125871
3504,412 Geary Ave,sold,254707,5,3,1895,33.3704214080727,-112.25354729297285
3505,348 Bush Pl,pending,137644,5,2,2063,33.45701441132414,-111.87301552035584
3506,129 Geary Way,sold,177413,4,1,1815,33.523605851887716,-112.35073475815351
3507,410 1st Ave,pending,275338,5,2,3814,33.56535818093774,-111.90876257571762
3508,647 Sutter Dv,active,205996,2,3,2158,33.472273104193924,-111.87524883707403
3509,72 9th Dv,active,268830,3,3,1723,33.48412356048339,-112.3419231488072
3510,800 California Pl,pending,190891,4,2,3169,33.51991204669058,-111.92048170532298
3511,246 Indiana Dv,active,106225,3,1,3525,33.57045931464107,-112.1608278136152
3512,150 Franklin Ave,sold,268462,4,3,1594,33.39201612136469,-111.93370338299857
3513,548 2nd Wl,pending,121984,4,3,3859,33.36344155418746,-112.1433109627258
3514,245 5th Dv,pending,262145,4,1,2201,33.479506140518126,-112.0493484609809
3515,45 1st Way,pending,278163,2,3,1603,33.42259949799276,-112.00913188373944
3516,415 9th Wl,sold,121219,2,2,1464,33.46344904048042,-112.35306879868284
3517,775 3rd Cir,active,279384,2,1,2584,33.51781259278792,-112.09023399401416
3518,629 Bush St,active,113947,5,3,1347,33.46329325935301,-111.90555389366273
3519,426 Turk Dv,pending,234880,2,1,2200,33.550125782036815,-111.9235474848886
3520,614 Indiana Vis,active,189409,4,3,2364,33.37946275996723,-112.32077237781452
3521,255 5th Trl,pending,204586,3,3,1996,33.58553443148552,-112.32399315865584
3522,59 Sutter Way,pending,109295,2,3,3422,33.505756395765616,-112.16996899158471
3523,582 Wall Blvd,pending,229737,5,2,3644,33.41177128448374,-112.15883320835465
3524,768 Wall Dv,sold,206681,3,1,3173,33.51640726499623,-112.25702190383664
3525,127 7th Ave,active,199681,3,1,2207,33.49969253436697,-111.91083395890472
3526,761 Texas Pl,active,144750,2,3,2128,33.52722602927317,-112.24165548798115
3527,520 Indiana Pl,active,286053,2,2,3024,33.389457460498555,-112.0087406242034
3528,680 Walnut Blvd,pending,175292,4,2,3963,33.5505219056916,-112.30171706621466
3529,634 8th Vis,pending,157865,3,1,1869,33.548292598338215,-112.34795039460535
3530,382 Bush Way,active,108949,4,1,2380,33.4002710398223,-111.95664952847821
3531,376 8th Trl,active,178368,2,3,1205,33.40193164110328,-112.25867284737419
3532,615 2nd Wl,pending,291518,3,3,1609,33.48710814042042,-112.1779902566248
3533,358 5th Pl,active,259133,4,3,2021,33.504326015408836,-112.29847540163092
3534,671 Bush Dv,pending,168765,3,1,3081,33.46248799775841,-111.92291959421155
3535,243 7th Vis,sold,203137,3,1,1711,33.55262723528297,-112.14808813311828
3536,58 California Rd,sold,235765,5,3,2316,33.3676306343485,-112.06532197971845
3537,743 Indiana Trl,active,104106,4,1,1784,33.46125511859893,-111.97990864233553
3538,591 Post Vis,sold,208284,5,2,1559,33.39239010663002,-112.28683656265504
3539,798 Pine Wl,pending,106577,4,3,1980,33.46493072471286,-112.15870116042923
3540,722 California Trl,sold,220595,4,2,3707,33.43233900530785,-111.93399299583302
3541,63 Wall Pl,sold,297939,4,1,1863,33.384326933090655,-112.33588015988417
3542,273 5th Trl,pending,163356,2,2,1097,33.37197730546565,-112.22757802456705
3543,15 Page Rd,pending,205423,3,1,2465,33.38360673406991,-111.94064617853456
3544,308 Franklin Cir,sold,281929,4,2,2916,33.57803170918526,-112.00572793531599
3545,192 5th Wl,pending,223628,5,2,2712,33.40216809119694,-112.29468736863838
3546,144 6th Way,pending,293680,5,2,2070,33.44246881857687,-112.28814339268665
3547,507 5th Dv,pending,140261,5,3,2032,33.52411952575743,-112.02107999521583
3548,137 6th Blvd,sold,215983,4,1,3870,33.55345281410787,-111.88630336319144
3549,218 Turk Rd,active,154170,5,1,1032,33.53649978322757,-112.25127959174418
3550,263 Post Pl,active,204296,3,1,1123,33.43510987839608,-111.99167489211203
3551,670 5th Way,sold,163716,4,3,3764,33.44626482392508,-112.30580357451535
3552,282 3rd Dv,active,102236,2,1,3473,33.40555329144741,-112.03389699046421
3553,29 1st Cir,sold,176286,2,2,1347,33.36751257567589,-111.96015438362927
3554,499 8th Wl,active,194330,4,1,2362,33.4194565435884,-112.32273644484611
3555,312 Walnut Vis,pending,271188,3,2,3384,33.40621874011565,-112.25119754334685
3556,246 Franklin St,sold,212440,2,1,1560,33.37093387792492,-111.90279180158436
3557,151 Blake Vis,pending,229083,5,1,2545,33.42549614624608,-112.00891686843005
3558,721 Mission Cir,active,178495,3,1,2627,33.504423502154125,-112.1156937443845
3559,158 Post Ave,pending,293527,2,1,3123,33.43964399856242,-112.16796815170325
3560,688 Post Way,sold,109014,4,3,2142,33.475098798017086,-111.89686150842452
3561,626 Texas Blvd,sold,293632,2,3,1855,33.57677539319802,-111.90007801026104
3562,391 2nd Dv,pending,226083,5,1,1247,33.41380719519435,-112.23826696342603
3563,556 California Vis,active,120935,2,3,1550,33.55650880391798,-111.96974749011451
3564,157 California Dv,pending,173373,3,2,3720,33.54030868558388,-111.91227588784511
3565,98 California Pl,active,150804,2,3,3503,33.36668582992914,-111.89367799909962
3566,400 2nd Vis,sold,123920,5,3,1405,33.36999404134098,-112.25436274087511
3567,154 3rd St,active,196845,4,3,3163,33.52906998808402,-111.89187865323761
3568,741 8th Way,pending,197465,2,1,2256,33.57423289703813,-112.31053898927114
3569,491 Euclid Vis,sold,189899,4,1,2054,33.5579113806295,-112.18501038272055
3570,393 Franklin Rd,sold,134847,4,3,1070,33.45083627340834,-112.08847133388181
3571,368 Post Vis,active,256775,2,3,2959,33.46957794797018,-112.20668653782737
3572,640 Blake Cir,pending,150993,3,3,2769,33.46589100744347,-111.93457237592493
3573,508 2nd Rd,sold,194633,2,2,2536,33.44084785141327,-112.32811709298007
3574,204 4th Rd,pending,219285,2,3,2505,33.548422368585484,-112.20851116490716
3575,382 4th Wl,active,246718,2,3,2651,33.50854341943795,-112.0023578026823
3576,525 Page Rd,pending,122537,4,2,2506,33.43349836428893,-112.2102140828259
3577,471 3rd Wl,pending,261685,4,2,2408,33.48261653319444,-112.17711157954017
3578,616 9th Trl,pending,204054,4,3,2335,33.51354278566747,-112.05655562537783
3579,61 Texas Ave,sold,210247,5,2,2626,33.531365501437556,-112.34364399031627
3580,139 Indiana Blvd,active,168070,5,1,3687,33.37036223640529,-111.94911591925506
3581,420 Euclid Trl,sold,270256,2,1,2053,33.388212562815774,-111.92276011733603
3582,547 Pine Vis,pending,175765,2,3,2415,33.59403985956054,-111.87811865987298
3583,470 Franklin Blvd,pending,236211,2,2,1941,33.48492635961307,-112.26215978311514
3584,183 Indiana St,pending,259004,3,2,3796,33.36846334116135,-112.25347983975769
3585,172 4th Cir,active,140251,3,3,3829,33.564242328454434,-112.14094877949819
3586,681 2nd Vis,pending,168843,5,3,2742,33.56356731106762,-112.06810983032183
3587,189 Euclid Trl,pending,151811,2,1,2013,33.58245703696257,-112.18143976562084
3588,691 6th Blvd,pending,291264,2,2,3838,33.39678394391066,-112.11350461278155
3589,141 Blake Way,sold,126690,2,2,1269,33.45677808979024,-112.11065498126918
3590,455 7th Blvd,sold,296789,3,2,2104,33.48168361523165,-112.30639087259017
3591,32 Mission Ave,active,209025,3,2,1160,33.52419834549004,-112.23765287743797
3592,19 Pine Way,pending,261188,2,3,1651,33.55455007219279,-112.20086727895642
3593,688 Texas Trl,active,125064,3,2,3149,33.49872489773328,-111.88758113335518
3594,205 8th Pl,pending,227371,2,2,3802,33.536372674222626,-111.90582802301905
3595,61 5th Dv,pending,217991,2,2,2953,33.46042814337279,-112.0316534447749
3596,267 8th Dv,active,192287,5,3,2596,33.42121930152994,-112.05732126229937
3597,667 Page Cir,pending,257021,4,2,3500,33.550779624460944,-111.89177858505798
3598,397 California Vis,pending,244982,5,1,1356,33.45058349565465,-112.0710269510254
3599,305 California Way,sold,251685,2,3,1041,33.493915358221216,-111.99595085103009
3600,536 4th Blvd,active,293845,3,1,1165,33.58007166136799,-112.01724377658972
3601,568 Indiana Way,active,273760,3,1,3659,33.39055038637967,-112.14707547445711
3602,644 Mission Way,sold,154046,3,2,2095,33.378881981304644,-111.95635800088998
3603,572 4th Pl,pending,127123,2,3,2496,33.375369041484184,-112.30135307630806
3604,580 Sutter Vis,sold,211955,2,3,1068,33.56148954298398,-112.29438062080021
3605,297 7th Wl,active,284633,3,1,1433,33.532548586438814,-112.00744154915182
3606,388 Geary Pl,pending,226828,4,3,2181,33.413011012115675,-111.93610101383949
3607,246 2nd Way,sold,134631,3,3,2891,33.42066085792806,-111.97619423201247
3608,780 Indiana Rd,sold,253552,5,1,3927,33.53399530536917,-112.2213376266666
3609,668 2nd Blvd,pending,184884,3,1,1855,33.379346351242795,-112.30088119723091
3610,544 Mission Trl,active,200270,3,3,2275,33.36970060228636,-111.96372897800893
3611,760 8th Vis,active,101910,2,2,1663,33.520690038371555,-112.13169083242711
3612,69 Bush Ave,pending,240230,4,1,2422,33.40927211114057,-112.24493099458138
3613,436 Indiana Vis,sold,215561,4,1,3362,33.41795893270626,-112.11046786677643
3614,256 Geary Way,sold,152241,4,1,1157,33.51236808966594,-112.22032630565084
3615,494 Geary Rd,pending,243311,2,2,2147,33.41376240890905,-112.34072097418633
3616,765 6th Trl,active,203182,2,1,2949,33.383034220047534,-111.87318482147393
3617,695 Page Way,active,259419,4,1,2983,33.49574843054466,-112.05368758314849
3618,94 Sutter Blvd,sold,249312,4,1,3323,33.52196128043404,-112.03060745795737
3619,279 California Way,pending,171134,3,1,1144,33.53346985843222,-111.95839873049574
3620,80 Geary Pl,pending,292104,2,1,2812,33.4654639237552,-112.10155613274691
3621,200 Bush St,pending,119074,2,1,1804,33.51820881733103,-112.24889729409219
3622,117 3rd Blvd,sold,254412,4,1,3934,33.54429147063243,-112.1392205735512
3623,746 Franklin Cir,pending,144115,3,2,2157,33.496270290801675,-112.290371608762
3624,772 Franklin Cir,sold,222472,3,1,1473,33.44389213196955,-111.99262828586372
3625,198 Geary Ave,pending,232991,2,1,2021,33.41463834290507,-111.968270303543
3626,425 Franklin Blvd,sold,263628,2,3,3545,33.367859580783794,-112.29361945673477
3627,718 California Blvd,active,243047,2,2,1986,33.5695354612869,-112.09282285100717
3628,581 Pine Pl,sold,105317,5,1,3088,33.50863601359171,-111.91814651830992
3629,22 Wall Cir,sold,116980,4,2,1185,33.546146193990786,-112.11266986184384
3630,347 Mission Ave,sold,201628,5,2,2720,33.54351481376879,-112.069791645795
3631,696 4th St,pending,171070,5,3,3948,33.55425653749262,-112.35604708350569
3632,685 Sutter Cir,sold,106900,5,2,2237,33.40841120532233,-111.87557667416853
3633,167 Walnut Pl,active,200814,2,3,2684,33.55811525472599,-112.33843647414358
3634,448 Bush Ave,pending,239190,5,2,1059,33.5939704776895,-112.05537852304315
3635,566 Mission Rd,sold,218095,5,1,2993,33.48079530374098,-112.2996359093898
3636,271 Geary Vis,pending,136393,5,2,1923,33.366050811157294,-112.09369698643934
3637,494 Page Trl,sold,178129,4,3,1264,33.369182019304404,-112.31915188538063
3638,745 Walnut Blvd,pending,209341,5,1,3842,33.583486084768595,-112.25059686663229
3639,319 Wall Cir,active,278621,2,2,3253,33.45231464613257,-112.29354183776341
3640,137 7th Rd,sold,172042,5,3,1887,33.48217453832358,-111.9553136768597
3641,127 9th Cir,sold,222832,4,1,2236,33.37412938806082,-111.99655480062455
3642,594 Texas Pl,pending,292415,4,1,1235,33.38977682084167,-111.95052024284094
3643,320 California St,active,295122,5,1,1973,33.40316547510056,-112.27875195878751
3644,393 Blake Vis,active,268705,3,3,2752,33.36571113923229,-112.16461814895571
3645,183 4th Dv,active,243715,2,1,2587,33.527541744143136,-112.09203811795477
3646,601 Franklin Trl,pending,164757,4,1,3630,33.366562835102464,-112.1878974459516
3647,211 Wall Ave,sold,247873,4,2,2491,33.433826037821106,-112.05995770707216
3648,411 Mission Trl,sold,144580,4,3,1199,33.5472950595426,-111.94243511379881
3649,652 2nd Way,sold,245995,2,2,1177,33.43511767179465,-111.98917077941373
3650,506 Franklin Wl,sold,155983,2,3,1791,33.53035168428026,-112.00441385247656
3651,653 Post Cir,pending,201384,2,2,2913,33.567402116770396,-112.07748982561264
3652,420 California Dv,pending,109647,5,1,3892,33.38447966788378,-111.9456524700478
3653,480 5th Pl,active,100437,4,2,1036,33.383358458941984,-111.88224802764947
3654,372 9th Way,pending,272014,2,2,3458,33.52599015170991,-112.17401338149251
3655,59 9th Wl,pending,131127,4,1,1896,33.53156200449004,-112.29500628032189
3656,362 Sutter Trl,sold,187505,3,1,3788,33.36494662452234,-111.9461344080719
3657,626 Mission Trl,sold,293530,4,1,2331,33.50576394113687,-112.09043089383097
3658,108 Geary Wl,active,142403,3,3,1648,33.36310783878818,-112.31708599252613
3659,632 Post Dv,pending,284704,3,1,1977,33.51677004581271,-111.94839839524752
3660,16 Turk Wl,active,116528,4,2,1650,33.56914877192512,-111.92998935017307
3661,712 Turk Wl,sold,152534,3,1,2694,33.4981003284897,-112.02843938561222
3662,322 1st St,active,286908,5,2,3556,33.444642015071615,-112.2184769593513
3663,657 Page St,pending,272180,5,3,1454,33.41813730069147,-112.2298052012132
3664,415 Geary Way,sold,275216,5,1,3993,33.396131654090205,-111.99746092867683
3665,61 9th Trl,active,128585,2,2,1429,33.564822254373,-112.19666995416708
3666,471 Geary Vis,active,186094,2,2,2396,33.45762182834887,-111.88448692101717
3667,451 9th Wl,pending,125098,3,2,1610,33.39671090794946,-112.04732548471503
3668,170 Wall Wl,pending,239134,4,1,2764,33.49310302472873,-112.35255563739257
3669,328 1st Wl,pending,144489,5,1,2236,33.54204794145742,-112.11234519716382
3670,399 5th Way,pending,171175,5,1,2032,33.50217867365346,-111.87578700024507
3671,733 2nd Dv,sold,251311,3,2,3531,33.53471813048425,-112.03833212893109
3672,409 Euclid Cir,pending,198618,2,2,1815,33.521260197905995,-112.2469219469882
3673,78 1st Ave,active,160696,3,2,1423,33.47091542841817,-112.16762350924621
3674,793 Blake Pl,active,217699,4,1,2726,33.4078102677704,-111.96501546857962
3675,344 Bush Pl,pending,163488,4,2,1752,33.381682839771344,-111.97334625612281
3676,694 5th Way,sold,205349,3,1,1171,33.375080110569044,-112.34211912800595
3677,745 Franklin Cir,sold,114795,4,2,1088,33.38043130314607,-112.17802574914658
3678,111 9th St,pending,147204,3,2,1714,33.46624473950205,-112.14070642925714
3679,84 4th Wl,pending,294325,4,3,1754,33.4916587717799,-112.31681128835923
3680,733 Indiana Blvd,pending,214335,3,2,2067,33.581181360945784,-112.0937063071519
3681,34 Walnut St,sold,243051,3,3,2524,33.58957338936426,-112.10015965699313
3682,167 4th Trl,pending,208880,3,3,2621,33.444828855133686,-112.13169632396907
3683,240 Post Blvd,pending,116057,2,2,1284,33.57905689896211,-112.1547514149503
3684,191 2nd Vis,sold,231978,4,2,3534,33.58582684928285,-112.19712942519413
3685,582 Indiana Cir,active,241574,2,2,1102,33.4057556235128,-112.35971649406095
3686,605 7th Way,active,240857,4,3,2902,33.59337693536159,-111.91990560991881
3687,130 8th Ave,active,171181,5,1,1731,33.42820983036133,-112.2622797996222
3688,353 Post Cir,pending,145281,4,1,1500,33.402815774921216,-112.09483854355683
3689,180 Euclid Rd,pending,296046,5,2,3823,33.43983976367899,-111.92380015635892
3690,419 8th Trl,pending,120548,5,2,1902,33.398415447764755,-112.2855416602276
3691,300 2nd Vis,active,149914,5,3,3047,33.38799718049278,-112.08624217117593
3692,327 Sutter Ave,sold,105493,5,1,2460,33.36700472306412,-112.06334193902734
3693,423 Franklin Trl,pending,156921,5,2,2326,33.37914638749121,-112.2627327007676
3694,62 7th St,sold,271077,5,3,2239,33.5268369061545,-112.3317135401704
3695,445 2nd Vis,active,283678,5,1,2818,33.541780002801104,-112.26659980004409
3696,707 California Way,pending,197255,4,1,3549,33.3812399424717,-112.23566901139816
3697,133 Sutter Way,sold,254191,5,3,2588,33.48871541798176,-112.15436526530193
3698,424 6th Trl,pending,163203,5,2,3523,33.3765039134526,-112.32719563758353
3699,653 Post Dv,active,282718,2,3,1045,33.47150006553828,-112.07350093027321
3700,10 7th Rd,active,246318,4,2,1963,33.4648596948521,-112.09545391225627
3701,117 Walnut Dv,pending,169678,3,1,3392,33.55500537558271,-111.91029096225782
3702,348 Geary St,sold,262607,3,3,2899,33.37498624772709,-112.03764595039088
3703,729 Franklin Ave,sold,255493,3,3,2018,33.59325364192772,-112.02383691397625
3704,733 6th Ave,sold,237070,4,2,2297,33.55391067946115,-111.97938198562949
3705,526 Indiana Ave,pending,296399,3,2,1371,33.42862048720287,-112.03631376212763
3706,402 Post Ave,active,107233,4,1,1482,33.469871632966814,-111.90969581957542
3707,730 Sutter St,sold,151672,4,2,3947,33.56180412600816,-111.91229434736452
3708,81 Pine Vis,active,168241,2,1,3059,33.3934418723537,-112.08740833041031
3709,637 1st Cir,sold,172849,3,2,3379,33.518435516129315,-112.31423340573636
3710,225 4th Wl,active,126052,3,1,2166,33.39306183197762,-112.14286023121073
3711,398 4th Vis,active,134167,4,3,2508,33.41939445022808,-112.23212751054596
3712,686 Euclid Pl,sold,245322,3,3,3642,33.507229330182504,-111.93732048376104
3713,475 2nd Ave,pending,163366,5,2,1971,33.53493004666991,-111.89759968307715
3714,133 Geary Way,active,148110,5,1,2159,33.540383025405205,-112.17940485799723
3715,324 Euclid Cir,pending,123917,5,3,1614,33.5141471911459,-112.32890928483567
3716,427 Walnut Vis,active,187403,5,1,3924,33.568528515622035,-112.1320797028823
3717,57 Texas Dv,active,251624,3,1,1515,33.55056814789697,-112.17070634438787
3718,89 Blake Blvd,sold,220042,4,2,2840,33.361923937258524,-112.25229226848997
3719,145 3rd Cir,pending,219298,5,1,1667,33.48760947921547,-111.94093205595624
3720,437 Page Cir,active,268410,4,2,1107,33.51226408912949,-112.16585158338746
3721,194 5th Rd,sold,261292,4,3,3204,33.455336931870875,-112.27098654364028
3722,297 9th Vis,pending,224018,2,2,2454,33.48891209888556,-112.21505908150016
3723,356 3rd Dv,sold,281726,5,3,3013,33.55610071095741,-111.94698925369339
3724,291 Texas Way,pending,117388,3,3,1491,33.49262883280896,-111.99065006246923
3725,726 4th Ave,active,109388,3,3,3897,33.41898908383174,-112.16066144224479
3726,474 Franklin Rd,active,100715,2,2,2491,33.50673720644722,-111.91447679542824
3727,535 5th Way,sold,148229,3,2,1879,33.5196588893066,-112.32334820927089
3728,436 7th Pl,pending,267108,4,2,1994,33.41260184809887,-111.94197045663806
3729,720 3rd Wl,pending,119227,3,3,1821,33.40212761782609,-111.92451887307746
3730,727 8th Trl,active,195885,5,1,3682,33.59120539392459,-112.30297029286193
3731,662 Mission Pl,pending,287257,2,3,2826,33.46869977601823,-111.87433724783358
3732,179 Blake Cir,sold,210501,3,1,1037,33.39137539099636,-111.92633464276719
3733,397 Euclid Pl,sold,225330,2,1,3884,33.541337359890825,-112.2835028486971
3734,272 California Wl,active,186044,4,2,3765,33.52458477286048,-112.15352611091511
3735,158 Blake Cir,active,155638,4,3,1803,33.510821758038595,-111.93457724569984
3736,415 Turk St,active,106854,2,2,1106,33.58400802051959,-112.13271975133215
3737,33 Mission Pl,active,110705,4,1,1166,33.4005611767847,-112.3100831926848
3738,108 Wall Cir,active,176399,2,3,3058,33.39231096555193,-111.88816767099543
3739,249 4th Dv,sold,150669,3,3,2982,33.58571594074435,-112.06148432434124
3740,299 Mission Way,sold,262793,2,3,3822,33.384548389941,-111.93572124616617
3741,360 5th Trl,pending,139085,3,3,2822,33.40086027384421,-112.11289098964329
3742,25 4th Cir,active,115905,5,2,2109,33.467436233092045,-111.93367399099404
3743,400 Sutter Trl,sold,218825,5,1,3735,33.57108298524833,-112.18221310215564
3744,674 Euclid Cir,pending,105364,2,1,2591,33.56054093486934,-112.31414500668762
3745,781 2nd Rd,sold,168424,4,3,3330,33.42659782755284,-112.35537089843214
3746,670 Turk Blvd,sold,128304,3,1,3130,33.52351243143099,-112.07449933838774
3747,600 2nd Dv,pending,199572,3,3,2533,33.44495149648714,-112.06279287258509
3748,440 Bush Trl,active,148809,4,3,3974,33.457430765279625,-112.19768565482869
3749,712 Euclid Trl,sold,120275,5,3,3816,33.45137172860452,-112.35313493440377
3750,29 Sutter Pl,pending,262186,4,2,1368,33.51222576764751,-111.94491423317757
3751,562 Post Trl,sold,182247,2,2,2451,33.41086878677373,-112.06361885028637
3752,25 Indiana St,sold,245952,2,3,1240,33.39651566899338,-111.95863787346693
3753,404 Blake Ave,pending,122322,2,2,3870,33.57200917888673,-111.89288754357396
3754,338 Blake St,pending,299264,5,3,2478,33.52065016266295,-112.27816841610031
3755,397 Geary St,pending,107429,5,2,3246,33.44740324805211,-112.15440734736278
3756,54 Euclid Ave,pending,253427,4,2,1064,33.37198644616116,-112.11337085895204
3757,99 Bush Cir,pending,275995,3,1,3091,33.46258290495004,-111.89438412703848
3758,636 7th Blvd,sold,115650,2,1,3279,33.374218938847946,-112.06839585178437
3759,781 Turk Way,sold,166807,4,3,2887,33.528685805780825,-111.875406320909
3760,91 Blake St,pending,183320,2,2,3249,33.471031889609456,-112.13077446332747
3761,664 Mission Ave,sold,243790,4,1,3833,33.41560150371201,-111.93193095939779
3762,198 8th Blvd,active,109431,4,3,1583,33.364475461391294,-112.28489005729851
3763,162 Turk Trl,active,295710,4,3,1983,33.53146886754366,-112.11636044540738
3764,349 2nd Vis,active,154750,2,3,1016,33.36944691600728,-112.26392733002159
3765,30 Sutter Rd,active,249825,5,3,3954,33.52562032451871,-112.2770033270965
3766,187 Post Dv,sold,180094,5,2,3789,33.532364359181834,-112.2447201115493
3767,107 Walnut Pl,active,108307,3,1,1662,33.51842951978859,-111.94913745055035
3768,299 Texas Ave,active,113137,4,1,3148,33.523326163298194,-112.12908558730469
3769,235 5th St,active,156160,2,2,3317,33.56103899675083,-112.28190379426503
3770,85 7th Way,active,217384,4,1,1242,33.4041497752723,-112.18439404410708
3771,100 9th Way,pending,196201,2,3,2539,33.491518244288464,-112.19430143570169
3772,399 9th Vis,pending,160309,4,1,3855,33.438700736742675,-112.0173735500908
3773,387 Pine Rd,active,259177,5,1,2246,33.51609272016218,-112.11970368005385
3774,418 Blake St,pending,150686,5,3,3217,33.37090918232422,-111.96651493647231
3775,288 1st Dv,active,119675,2,2,1779,33.59227788400064,-112.25131526010713
3776,60 9th Vis,active,245963,4,1,3273,33.546094451519636,-112.2184853948973
3777,421 Post Ave,sold,270358,2,3,1487,33.36878470266665,-112.10839288203766
3778,100 7th Vis,sold,203765,4,2,2208,33.556511037012946,-112.30952606423928
3779,678 4th St,pending,100520,5,3,3560,33.5372511592869,-112.0259397967832
3780,631 2nd Blvd,sold,136281,3,2,1007,33.559440553506036,-112.2591397010636
3781,362 3rd Cir,active,298706,2,1,3002,33.51731923964909,-112.29936152561302
3782,792 5th Dv,pending,240372,4,1,1201,33.56402575166547,-112.01038327752985
3783,294 Bush Dv,pending,175882,5,1,2994,33.44385691889234,-111.98673463159002
3784,715 Indiana Blvd,active,129085,2,1,3676,33.468590075258035,-112.3597550741289
3785,743 Euclid Wl,sold,209229,3,2,2040,33.51479849656037,-112.02019570464019
3786,55 Indiana Ave,sold,195556,4,3,1663,33.44523388718865,-112.00153891562145
3787,360 Geary Way,pending,132154,2,1,1462,33.45669548694311,-111.96674012616677
3788,598 Mission Cir,pending,101708,2,2,2669,33.50910675279698,-112.13619117855691
3789,433 4th Ave,sold,186167,5,1,2189,33.56995275242097,-111.90812198899624
3790,727 Indiana Pl,pending,270224,3,3,1995,33.44957067866499,-112.27364084913543
3791,456 Pine Blvd,active,192820,2,3,1785,33.52836383704104,-112.03430184152771
3792,231 Mission Way,sold,138211,5,1,3936,33.58784520266185,-112.15494968470483
3793,45 California Dv,active,217054,2,1,3658,33.422433730620085,-112.19589187183578
3794,718 Euclid Wl,pending,189926,3,3,3674,33.541098474771744,-112.10403482327425
3795,15 Geary Trl,sold,136671,4,2,3883,33.41362190343203,-112.03246688601172
3796,549 Page Trl,active,210860,4,2,2637,33.44326560665311,-111.89315388548383
3797,252 Blake Blvd,active,167794,5,3,3920,33.553513922729934,-112.10674791991377
3798,679 8th Dv,pending,280523,5,3,1220,33.447557720769055,-112.13129973026302
3799,69 3rd Ave,active,258280,5,2,1012,33.38052524761076,-112.05769847600332
3800,459 Indiana Dv,pending,186580,2,2,2235,33.528330531095605,-112.12229169573313
3801,355 Page Rd,pending,258598,2,2,3058,33.46838586948442,-112.01796835256924
3802,491 Blake Pl,sold,105385,3,3,2736,33.40915379355896,-112.30348518139915
3803,335 Franklin Cir,pending,184827,5,1,1240,33.400708258012116,-112.06208363131236
3804,509 5th Cir,sold,120743,4,3,1850,33.36433679481552,-111.96836497742989
3805,157 5th Vis,sold,228449,3,2,3438,33.4244390936058,-112.07323431700786
3806,308 3rd Trl,pending,116500,5,2,2677,33.47199038322682,-112.32526010669487
3807,422 Turk Vis,active,279770,3,2,2491,33.50228361830755,-112.3428915206957
3808,273 Indiana Blvd,active,265680,3,1,1499,33.38862992707339,-112.2841263867828
3809,667 9th Way,pending,232734,2,3,2277,33.50038610546004,-112.22546198444016
3810,661 Franklin Ave,active,107780,4,2,3178,33.48345401492275,-111.95171101440144
3811,660 Texas Ave,active,144147,2,1,3288,33.54056807753268,-112.26792521028666
3812,267 Texas St,sold,169191,5,2,2610,33.442834949118506,-111.91257338778809
3813,53 Walnut Wl,pending,120675,2,3,3671,33.38713431651499,-111.88995376099768
3814,68 Page Pl,sold,184150,2,3,2369,33.491755554760715,-112.0558868230197
3815,109 6th Cir,sold,100736,5,1,2660,33.58980258457418,-112.12056347274255
3816,745 6th St,sold,260757,2,2,3331,33.367199161732,-112.06568811252991
3817,263 7th Pl,pending,260086,4,3,3501,33.489996178286404,-111.98556758411483
3818,325 Blake Pl,sold,243912,2,1,2330,33.496184414430445,-112.14691948875664
3819,636 Geary Ave,active,172511,2,2,3422,33.4924865072331,-112.06235477659027
3820,320 7th Pl,active,291129,3,2,2701,33.41525432535061,-112.25214063793675
3821,253 Page Dv,sold,123036,2,1,1153,33.38117121895269,-112.26999392071065
3822,747 Mission Ave,active,299319,3,2,2213,33.44957259784398,-112.13838541653409
3823,486 Mission Cir,sold,279910,5,3,1514,33.521491574552996,-112.00603090108817
3824,706 Texas Way,active,226233,3,1,2393,33.504683337582186,-112.1357979158108
3825,714 1st Cir,sold,283811,4,3,1898,33.429359229849396,-112.25231978345394
3826,701 8th Blvd,active,239483,5,1,1862,33.428407590704076,-112.10925322105504
3827,618 Wall Pl,active,261622,4,1,3760,33.52429062181752,-111.94345149456774
3828,341 Page Vis,active,198496,5,2,3760,33.56944461432771,-112.27938045248506
3829,691 Blake St,active,172826,4,1,2633,33.44102423285946,-112.33280763893109
3830,308 Post Cir,pending,232228,4,2,3165,33.521130300421206,-111.968062217768
3831,32 5th Blvd,sold,219490,2,2,1531,33.43315271028893,-111.91900981995583
3832,629 Walnut Rd,pending,105784,3,3,1635,33.54715036702022,-112.04183752154566
3833,266 Bush Pl,active,237868,5,1,3283,33.4266023773939,-112.19657195634838
3834,225 Indiana St,sold,227089,4,2,2531,33.52828409237059,-111.88428999561603
3835,671 California Dv,sold,228555,4,1,1585,33.5591409477293,-112.20912274157156
3836,683 Geary Pl,active,272389,2,2,3050,33.50633461516107,-112.26771004194258
3837,425 Mission St,pending,161187,3,3,3178,33.39135267682859,-112.04733063822789
3838,743 5th Cir,pending,205403,4,1,1044,33.54193804351604,-112.12223394716294
3839,313 Sutter Vis,pending,205344,2,1,1461,33.43040740780064,-112.18742608720447
3840,704 Indiana Pl,active,185968,3,1,1031,33.47169453229756,-112.15012264681576
3841,633 Mission St,active,289101,3,1,3639,33.47081558542743,-112.0210751536391
3842,67 6th Dv,pending,141723,2,3,2957,33.36829274527463,-111.99885349294948
3843,504 Geary Cir,pending,279668,3,1,3030,33.477092054764476,-112.20850813081756
3844,709 Pine Wl,sold,155704,3,3,1618,33.3841934770535,-111.90311199317044
3845,154 4th Rd,pending,295271,2,2,1446,33.459988748292496,-112.00419134103954
3846,364 Walnut Trl,active,194100,5,2,3374,33.50916912565896,-112.14962744358834
3847,570 2nd St,sold,289765,2,1,3181,33.572448571909504,-112.04737075937601
3848,229 Walnut Rd,sold,193443,4,1,1511,33.43117618853988,-111.88114241232242
3849,687 6th St,pending,292435,5,3,3063,33.38570244823042,-112.34034527474654
3850,184 3rd Pl,pending,222403,4,2,2128,33.5492837150758,-112.320047631509
3851,595 Post Trl,pending,239350,4,2,2978,33.37140667903773,-112.08716832486245
3852,213 Geary Wl,active,122050,4,2,2619,33.46807527623787,-112.29017995465618
3853,41 Geary St,sold,222761,3,3,1592,33.4572760487812,-112.35875575431747
3854,96 2nd Blvd,active,144205,4,3,2071,33.52926213844523,-112.0807275734885
3855,202 4th St,sold,128014,3,1,2809,33.54178434639484,-112.27080761623502
3856,161 Page Trl,active,104299,5,1,2187,33.54085896824198,-112.1325791436817
3857,232 Wall Rd,pending,120306,5,2,1892,33.38431284212682,-111.88705508080483
3858,129 Post Pl,pending,187587,3,2,1599,33.36833391349758,-112.32593917528244
3859,642 Franklin Ave,sold,124416,4,2,1416,33.58308939479379,-112.16613246093729
3860,350 Turk Wl,active,280589,2,1,3234,33.563003578934854,-112.15582153696292
3861,103 8th Trl,active,178747,3,2,1246,33.50798536578034,-112.09992124186749
3862,318 Post Cir,pending,160259,5,2,2953,33.50251730393434,-111.93635549629253
3863,555 4th Dv,sold,256397,2,1,1038,33.56681468305421,-112.16210126331845
3864,477 Franklin Wl,sold,287017,2,1,2505,33.559200341282015,-111.87583771867077
3865,160 Geary Cir,active,129530,4,2,1016,33.48831576103508,-112.1114053612417
3866,389 9th Trl,pending,174480,3,2,2156,33.479091584233224,-112.0071571369704
3867,406 Euclid Rd,pending,200032,2,1,3332,33.47559713835617,-112.13089464497781
3868,47 Sutter Dv,pending,219534,5,2,1596,33.58038895988826,-112.20243616246516
3869,192 Page Dv,active,200506,2,2,1169,33.421605616658326,-111.89142228242589
3870,680 Indiana Blvd,active,153325,5,1,3207,33.54721562948307,-112.17978161464576
3871,284 Wall Wl,pending,297813,3,3,3965,33.41716703584877,-112.09730441543029
3872,460 5th Vis,active,166201,3,2,3924,33.50076780287978,-112.34996469491281
3873,397 Turk Trl,pending,167474,4,2,2399,33.46494946607163,-112.11745399050862
3874,192 Geary Ave,active,175182,3,1,1019,33.48897673871423,-112.0743162836568
3875,330 2nd Trl,active,170133,3,2,1271,33.556861875402305,-112.06215726662636
3876,614 1st Vis,pending,212359,2,3,3561,33.398120495721194,-112.35059971505306
3877,172 7th Trl,pending,157445,4,3,3147,33.525679404027755,-112.32037362858516
3878,753 Pine Pl,active,157484,5,1,3000,33.39527883080966,-112.3408228799162
3879,760 Pine St,pending,275806,3,1,2255,33.56898002571652,-111.96200775543052
3880,600 Geary Dv,sold,245064,4,1,2272,33.52014769594231,-112.0103046323053
3881,430 7th Cir,pending,191927,2,1,2396,33.55425201368869,-112.0224620747781
3882,664 Post St,pending,291371,5,1,2618,33.54266203773896,-111.88157548631192
3883,756 3rd Vis,active,157747,2,1,2438,33.54977624035572,-112.05531263495364
3884,196 Wall Dv,active,105444,3,3,3597,33.4194625080104,-112.34546338498446
3885,140 3rd Vis,active,240861,4,2,3203,33.40849370420859,-112.04316703859098
3886,128 Blake Dv,active,214555,5,3,3524,33.369106183697035,-112.2147363118736
3887,744 9th Blvd,pending,159003,2,1,3769,33.48879565124017,-112.08606541111251
3888,163 Turk Pl,pending,235288,3,3,2861,33.384373124250786,-112.185695897637
3889,330 7th Pl,active,224575,4,3,1785,33.58765427471556,-112.21691110746237
3890,371 Sutter St,active,180217,4,1,2253,33.39603137158651,-112.11019315085812
3891,388 5th Wl,sold,244680,5,3,1634,33.36142739275823,-112.13672049192684
3892,226 Blake Wl,sold,154250,3,1,3065,33.58906785396624,-112.03807815939018
3893,122 Turk St,sold,236369,2,3,2486,33.503446475535554,-112.0353862172028
3894,501 3rd Cir,active,250335,2,1,3644,33.40703602730786,-112.1046782602275
3895,30 8th Dv,pending,235575,2,1,3898,33.48183509934425,-112.30366918792622
3896,609 Mission Rd,active,112349,4,3,2589,33.51040128324287,-112.24045203628579
3897,582 6th Vis,sold,171130,4,2,3554,33.43776985349039,-112.27121424932064
3898,728 Sutter St,sold,178175,5,2,3233,33.51925359086023,-112.14062810853964
3899,163 Franklin Blvd,sold,160952,5,1,2076,33.41928653962827,-111.9898853670164
3900,546 Post Cir,pending,119278,4,2,3255,33.48631436858305,-112.02767699865947
3901,593 6th Way,pending,190614,4,2,2322,33.571618742881306,-112.16381102183105
3902,667 Geary Blvd,active,156235,4,3,1930,33.59409974218141,-112.03062189817905
3903,450 Euclid Vis,pending,210524,2,3,1889,33.584442513244696,-112.07536465219451
3904,150 Texas St,pending,173545,5,2,2819,33.56714770841679,-112.1698159952293
3905,688 Page Cir,sold,205538,3,2,1688,33.587822315644694,-111.99775387334526
3906,144 2nd Wl,pending,260077,2,3,3207,33.44102245989283,-112.04816185304243
3907,518 Turk Blvd,pending,287816,5,1,2971,33.490913019396736,-111.88481642764746
3908,49 Pine St,sold,295040,5,3,3300,33.51876851350577,-112.33050227075816
3909,267 Texas Way,active,256669,4,1,3775,33.40983208908757,-111.87702239879302
3910,361 9th Way,pending,151351,3,3,3803,33.44888237684403,-111.98307025138944
3911,228 Euclid Way,pending,239477,4,3,1864,33.38714324146096,-112.23465677874984
3912,764 Pine Ave,pending,205964,5,2,2749,33.37708112758255,-111.92155580343365
3913,757 California Trl,sold,125480,4,3,3248,33.415021765309106,-112.05579702093603
3914,112 California Trl,pending,203174,4,3,3885,33.54450258023477,-111.93494695051477
3915,128 2nd Pl,active,242547,4,3,1241,33.538882407857265,-112.03663070931461
3916,625 8th Ave,sold,196009,4,1,3538,33.47099623564893,-112.30299664028463
3917,335 4th Vis,pending,233023,2,1,1882,33.37867931634209,-112.04259321398678
3918,382 Euclid Ave,pending,267577,2,1,1729,33.4511345136439,-112.3476085202438
3919,743 California Rd,sold,167403,4,2,1046,33.52877252592836,-111.91506783168248
3920,517 Indiana Way,sold,164126,5,1,1563,33.52001788053462,-112.17358505352989
3921,265 Post St,active,291838,2,2,3153,33.54226587533951,-112.20601227406705
3922,39 8th Dv,active,174394,2,2,2024,33.376797768749135,-112.34477593215021
3923,142 1st Dv,pending,214894,4,3,1811,33.36654721051195,-112.31276194394562
3924,502 Blake St,pending,150817,4,3,3117,33.40107562936197,-112.16639325284179
3925,627 Turk Trl,active,215815,5,1,2664,33.52836266269613,-112.16363130846369
3926,336 9th Cir,active,118497,4,1,1170,33.50022280800255,-111.9210601080904
3927,112 5th Wl,active,234975,3,2,3661,33.43581420050568,-111.92972841493643
3928,141 Sutter Way,sold,227231,3,2,1398,33.470790160629285,-112.13435030032011
3929,510 1st Pl,pending,191872,2,3,2954,33.56532813710512,-111.91838029534567
3930,618 Wall Dv,sold,288720,2,3,2719,33.52793880260853,-112.1719168775175
3931,536 Page Pl,sold,141466,4,1,2835,33.525950639077955,-112.02442212076235
3932,689 6th Vis,pending,204479,5,3,1805,33.38141780592732,-112.27344299830692
3933,592 2nd Ave,pending,100205,5,1,2402,33.565295550412245,-112.14005911590596
3934,205 Euclid Cir,active,277669,4,3,2505,33.53394382925544,-112.19243622593922
3935,415 Franklin Trl,active,112992,5,3,2614,33.38606186813823,-112.31003009304435
3936,466 Indiana Pl,pending,280520,2,1,1530,33.513523599191906,-111.9846307857341
3937,641 2nd Rd,pending,233183,4,1,1864,33.489010951905776,-111.94094744084693
3938,732 California Trl,pending,131632,2,1,3496,33.49665493345209,-112.00734005815882
3939,466 Walnut Vis,sold,240653,2,2,2009,33.531660763599064,-112.12309998507257
3940,645 7th Blvd,sold,202709,4,3,2619,33.41789349733316,-111.94509699742767
3941,641 Indiana Dv,sold,147064,3,2,2551,33.44348920578075,-112.34963460396457
3942,423 Indiana Pl,active,270584,5,3,2269,33.472369610335626,-111.87323028944294
3943,256 Wall Ave,pending,111434,3,1,2987,33.58789550226551,-112.04751891537022
3944,279 2nd Blvd,active,242755,4,2,1707,33.501922578459215,-112.31955598512425
3945,569 Wall Pl,active,204335,2,3,3745,33.50566939900659,-112.30864051945187
3946,519 6th St,pending,190345,3,1,1093,33.515872253203604,-112.33835820000554
3947,714 7th Trl,active,296666,5,1,1356,33.47152033551289,-112.25123566033477
3948,691 California Way,sold,194899,5,1,1978,33.5107496851812,-112.19567346295872
3949,230 Walnut Way,sold,117775,5,1,1820,33.40720907358564,-111.87656410715654
3950,103 6th Rd,active,291464,2,1,2716,33.564218025583656,-112.19498158041267
3951,159 California Ave,sold,198994,2,2,2234,33.49384662302256,-112.2676439881274
3952,75 5th Wl,sold,223427,3,2,3009,33.51071921181023,-112.30147351345771
3953,550 4th Dv,active,217295,2,3,3844,33.59309318210923,-111.99164879805161
3954,707 Euclid Rd,sold,183363,4,3,1586,33.47359792489271,-111.91278279234835
3955,773 Bush Cir,sold,256393,5,3,1128,33.433592924731826,-111.92461188270524
3956,137 6th Pl,active,168335,5,3,3878,33.46775400969239,-111.9665994116423
3957,158 Franklin Dv,active,113282,5,2,2389,33.43095059230362,-112.19863961226987
3958,123 Franklin Dv,active,100348,2,2,3228,33.58874292120183,-112.1805265732958
3959,762 Post Dv,sold,221580,3,1,1839,33.47108586540488,-112.12706494695581
3960,230 4th Dv,active,142500,2,2,3424,33.397797678849706,-111.91390426346048
3961,353 Geary Pl,sold,269120,3,2,1295,33.58245451450206,-112.02856252449524
3962,41 Wall Pl,sold,218564,5,1,3198,33.5751074578575,-112.35945772025612
3963,542 Blake Trl,pending,238087,2,2,1055,33.575315674263415,-112.06834225311896
3964,67 Bush Vis,pending,101045,4,1,2889,33.439992264120264,-112.01683026695376
3965,149 1st Blvd,pending,291595,3,2,1911,33.46353811792362,-112.03587090083126
3966,767 Indiana Ave,active,130563,5,2,2848,33.38391689497163,-112.04005022659737
3967,280 Euclid Pl,sold,125696,3,3,3610,33.58831717262639,-111.89493047323847
3968,152 Blake Blvd,active,299652,5,1,2161,33.397606966926965,-112.04771378100875
3969,56 6th Ave,sold,273228,4,1,3597,33.55908438082916,-112.11411110364476
3970,633 9th Trl,pending,189881,3,1,2190,33.433755654394325,-112.00683365874073
3971,714 Page Wl,active,251444,3,3,3652,33.51394630232853,-112.35663509195037
3972,775 4th Cir,pending,252595,2,2,2394,33.527988292382105,-112.12633611883597
3973,751 Texas Rd,active,170715,5,3,2231,33.37723024947942,-111.9510087663972
3974,686 Bush Way,pending,172862,3,2,3753,33.37633499199413,-112.05291885430822
3975,289 Walnut Trl,sold,146030,2,1,3141,33.4841263924713,-112.33122954146907
3976,63 Franklin St,active,227058,2,2,2510,33.41669742554075,-112.1274159228828
3977,728 3rd Vis,active,100978,4,3,3720,33.39238816034235,-112.30337599350882
3978,177 Walnut Way,active,210247,4,3,3004,33.42760250959252,-112.27139374049136
3979,653 Bush Way,sold,219965,5,3,2746,33.55608408338365,-111.98909586067798
3980,799 California Blvd,active,189791,2,1,1026,33.41185073835039,-112.10893881305928
3981,702 Franklin St,active,169260,2,1,3958,33.458788232590294,-112.09340476595877
3982,405 Geary St,sold,113110,2,2,2725,33.574930087596535,-112.0350028701634
3983,471 1st Ave,pending,124797,2,3,2174,33.42820861916751,-112.02537630138036
3984,286 8th Trl,sold,282690,3,2,1613,33.537399494370156,-112.18942236230876
3985,45 Sutter St,sold,226502,2,3,3088,33.424730369482475,-112.27612816269283
3986,565 Walnut Pl,pending,226369,4,1,2052,33.382526483146904,-112.24090591946234
3987,269 9th St,active,148057,2,2,1676,33.431574197095564,-112.32911893824621
3988,23 Post Trl,pending,250848,3,1,1195,33.39604776557646,-112.28623413733652
3989,270 Wall Trl,pending,288314,2,2,2298,33.522928260414034,-112.04370578484195
3990,342 Pine Ave,active,238583,2,2,1712,33.44906316552288,-111.98343517590699
3991,568 1st Rd,active,194304,4,3,2849,33.470484139660435,-112.15006556622261
3992,788 Sutter St,pending,147338,3,1,3783,33.58251125387691,-112.03780873039054
3993,516 Franklin Way,pending,190461,4,2,3298,33.58104314889913,-112.28520868369328
3994,211 Euclid Dv,sold,275142,5,1,3852,33.585047997448406,-112.0914756762295
3995,104 7th Cir,active,261056,4,3,2156,33.555250203211486,-112.19162333699744
3996,470 Euclid Ave,pending,247801,3,3,2775,33.383545473096234,-112.21086097799622
3997,742 Sutter Vis,active,276482,2,2,2128,33.454919699072704,-112.11977417926147
3998,649 1st Blvd,sold,297659,4,3,2613,33.36285586527233,-112.18938257009934
3999,93 Texas Rd,sold,161339,2,2,2299,33.3983290199642,-111.9193076439571
