5000,264 Sutter Wl,sold,127392,3,2,2009,33.41304142614577,-112.12530293596629
5001,549 2nd Ave,active,156959,4,2,1680,33.55577167281221,-111.94685965985093
5002,570 4th Ave,sold,147488,5,2,1510,33.54057179442448,-112.07647976365244
5003,107 7th Vis,sold,283361,2,2,1207,33.410300442343456,-112.05000618185919
5004,798 Post Wl,sold,172294,3,1,3526,33.56155147319357,-112.03607871366074
5005,12 9th Trl,active,151126,2,1,3731,33.53156648239909,-111.92330083334679
5006,352 2nd Vis,sold,194834,5,1,3441,33.58836972483941,-111.94226416090936
5007,298 7th Wl,pending,107759,4,2,1824,33.501997301502655,-112.10031190196352
5008,555 Page Way,sold,194877,4,2,2639,33.48182947824609,-112.06464023053431
5009,707 1st Trl,sold,222840,4,2,1179,33.4780568119567,-112.2006987056004
5010,266 Page Vis,active,270986,3,3,2251,33.590045182878434,-112.03874907217086
5011,104 Post Pl,sold,237959,5,3,2621,33.52004212120653,-111.95365939310541
5012,239 2nd Cir,pending,242886,4,2,2222,33.47673825818833,-111.9896656316328
5013,337 5th Vis,sold,212056,5,3,1792,33.56689233897336,-112.1237335290258
5014,266 Blake Wl,pending,178036,5,2,1385,33.365539097965105,-112.11841852551805
5015,712 7th Ave,active,110941,4,3,1805,33.450104992766185,-112.33768714437899
5016,789 Texas Cir,active,119583,3,2,3113,33.48408892336861,-112.05912161594202
5017,317 Texas Ave,sold,169138,2,1,2644,33.401089228130175,-112.32745444060879
5018,24 Bush Cir,sold,272711,3,3,3115,33.40211105715928,-112.11627584235379
5019,683 Texas Rd,pending,140719,5,2,2198,33.545987846658136,-111.97922694533334
5020,758 1st Rd,pending,263128,2,2,2127,33.42912101385106,-112.1170637986472
5021,117 1st Ave,active,168540,2,2,1862,33.51129124561641,-112.06675996905842
5022,569 Mission Trl,active,215329,5,2,1761,33.42168670405396,-112.06459894800781
5023,286 Page Cir,active,175633,2,2,3479,33.584510177323814,-112.29856915958992
5024,595 2nd Rd,active,203742,4,1,1789,33.56192365284402,-111.89207010693299
5025,483 Mission St,pending,195836,3,1,3170,33.40279059374764,-112.22493034451882
5026,207 Sutter Dv,sold,102463,2,1,2653,33.529675492885794,-112.26237018286015
5027,294 7th Vis,pending,189608,5,2,2098,33.39137459329152,-112.30913377266734
5028,313 Mission Trl,sold,241316,4,2,1638,33.45076002545722,-112.00519037087776
5029,517 Turk Blvd,sold,175142,3,1,2100,33.48275442923814,-112.00842795782715
5030,44 California Pl,sold,139468,3,2,2395,33.505812747525255,-112.22765675122929
5031,773 Wall Way,sold,173841,3,2,3151,33.4555428707981,-111.94899208122571
5032,69 Bush St,active,138186,4,1,2996,33.426638548232276,-112.1276702563975
5033,239 9th St,sold,187011,3,3,3702,33.38824241732486,-112.23114426113196
5034,47 Euclid Trl,sold,178486,3,2,3071,33.591784903582266,-112.29254183293635
5035,236 Sutter Trl,active,218456,3,1,1594,33.57197248852201,-111.97542004781528
5036,276 1st Trl,active,243241,4,1,2752,33.398697486087194,-111.8797233118697
5037,369 2nd Wl,sold,190076,2,1,2149,33.36576146536463,-112.1375201695045
5038,633 Post Rd,sold,278318,3,3,2487,33.461623525680416,-112.3302544900381
5039,287 5th Way,active,207197,5,2,3525,33.3923961532066,-111.88672691707822
5040,328 Sutter Blvd,sold,252458,5,3,2863,33.42224608647005,-112.34345787071183
5041,310 California Pl,sold,109980,4,3,3018,33.41032831802013,-111.89100733309121
5042,309 6th Vis,pending,146495,3,2,3453,33.583560423359806,-112.08197167079284
5043,588 9th Cir,pending,231603,2,2,2100,33.58236312088778,-112.22874637435284
5044,150 Euclid St,sold,124248,5,1,3331,33.420241035285066,-111.93976882651799
5045,317 Turk Rd,pending,258529,5,3,1068,33.45448224731161,-112.22771607338133
5046,518 Walnut St,pending,237127,2,1,1698,33.55029486081041,-112.30231909481316
5047,593 3rd Vis,sold,114535,5,1,2257,33.453618128448426,-112.11945687587858
5048,537 Turk Ave,active,130465,3,1,2883,33.37735342008649,-112.18827342442603
5049,320 Mission St,sold,147367,3,3,1844,33.53759444912088,-112.19625776097894
5050,496 Geary Blvd,pending,152437,3,2,2596,33.45340913818815,-112.23224622136746
5051,13 Pine Rd,sold,145761,5,3,1622,33.53298925140375,-111.8815371505728
5052,518 Page Vis,sold,127829,2,1,3204,33.43677603541553,-112.04362786604058
5053,433 Euclid Trl,sold,210852,5,1,1647,33.40681384519867,-112.17541086862438
5054,622 8th Blvd,sold,233560,3,1,1404,33.47389940031414,-111.90301301611049
5055,130 California Dv,active,108856,5,3,1799,33.45060164924345,-112.16171402931758
5056,532 Texas Vis,pending,229978,4,3,1058,33.54038424273595,-111.88691922690367
5057,674 Euclid Rd,active,172761,5,3,3496,33.49884206775549,-112.29992072404924
5058,760 Walnut Rd,active,183527,3,3,2980,33.51149747537027,-111.95314946399745
5059,177 Post St,pending,260962,5,1,3708,33.39375220650528,-112.16171598842361
5060,779 Page Dv,sold,142758,5,3,1256,33.432373060253305,-112.2646922522762
5061,640 Turk Vis,sold,204869,2,1,2653,33.40086647220388,-112.01810481206213
5062,98 5th Way,active,103239,4,3,1946,33.397000274944446,-112.1734029100825
5063,751 Mission Blvd,sold,283682,5,2,2159,33.57688532173608,-111.96658221834994
5064,753 4th Way,pending,258303,4,1,1937,33.41731946345313,-111.96323783911036
5065,759 Franklin Wl,sold,125212,5,3,2554,33.42512748170384,-112.07548517860664
5066,13 3rd Blvd,active,112342,4,2,3579,33.404874026441064,-112.01251158569704
5067,569 Franklin St,active,125441,2,1,1362,33.41025209588222,-112.08333764793181
5068,657 Mission Vis,active,194812,4,1,2816,33.41843914330349,-112.08649918326223
5069,679 Indiana Wl,sold,145484,4,3,3475,33.417468669209775,-112.260544031001
5070,188 8th Cir,sold,255943,4,2,1740,33.45711537231696,-112.28349559813195
5071,73 Blake Rd,active,245288,3,2,1345,33.36125323672845,-112.12470496470212
5072,308 Franklin Ave,sold,258464,2,2,1056,33.505386906969456,-112.13090400653589
5073,354 Geary Vis,sold,161568,2,3,1849,33.57252789971917,-112.33799164587036
5074,657 California Wl,active,208717,5,2,1614,33.52977524278073,-112.02909628891328
5075,56 3rd Wl,pending,123355,3,1,1718,33.465190986686935,-111.94227842816879
5076,744 Blake St,sold,295051,3,3,2642,33.368904103735844,-111.93939815373349
5077,621 Walnut Pl,active,103107,5,3,1213,33.37476920343915,-112.06040536964485
5078,681 Geary Cir,active,297402,5,2,3869,33.52339617182961,-112.23185248496418
5079,38 Indiana Rd,sold,188960,3,2,2905,33.41579805223587,-112.06353264522271
5080,138 Pine Cir,active,281583,5,3,1148,33.38803888554365,-112.04638285128831
5081,481 7th Wl,pending,209774,3,2,3423,33.566927876145115,-112.26678275496917
5082,155 Geary Way,active,228638,4,1,3953,33.54125954576475,-111.99786397064045
5083,475 3rd Dv,sold,115674,5,3,3979,33.489813425175335,-112.12383041003503
5084,279 Post Wl,sold,216414,2,3,2727,33.44698353423866,-112.27777982521962
5085,553 Turk Cir,sold,172129,4,1,1392,33.45611200391024,-112.04805082126353
5086,493 2nd Way,pending,123655,3,3,3940,33.38634581231859,-112.0375966430028
5087,750 Bush Ave,pending,277664,2,2,2588,33.53591448558375,-112.22845011825325
5088,557 Mission Blvd,sold,195661,3,2,2655,33.4426989531907,-112.18256100784531
5089,328 Walnut Ave,active,196794,5,2,3244,33.46550489322503,-112.07795846461221
5090,182 9th Pl,sold,284197,5,1,3492,33.44371144343602,-112.00157462143709
5091,193 9th Blvd,active,179354,5,3,2321,33.41182388286604,-112.28460501831489
5092,101 Euclid Trl,active,267608,2,3,2605,33.549937529820085,-111.90085203069015
5093,648 6th Trl,pending,259115,5,3,3501,33.55414886474506,-112.05980138085589
5094,404 Franklin Vis,sold,126118,5,3,1783,33.42698710780379,-112.09581619328765
5095,487 Texas Cir,active,125361,3,3,2670,33.44276976059418,-112.3053775904398
5096,144 Pine Cir,pending,109092,4,1,3652,33.501133372961164,-112.06185459888219
5097,196 Sutter Way,active,201743,2,2,3619,33.58395237516328,-112.16373354363813
5098,515 Bush Way,pending,130112,5,1,2515,33.385942250049254,-111.92199181107657
5099,724 9th Ave,active,232298,2,1,2492,33.526381529847825,-112.12007639431359
5100,351 3rd Dv,pending,208002,3,1,2106,33.5075640043325,-112.0574709454472
5101,453 6th Way,sold,232499,4,3,1213,33.409934719921395,-112.11405242971492
5102,474 8th Pl,pending,234900,3,2,2613,33.38374497396224,-112.27322001319726
5103,242 Bush Blvd,active,291729,2,3,3097,33.502230195343294,-112.31809220258322
5104,387 4th Pl,active,111125,5,1,2330,33.491582334294456,-111.90654874823085
5105,126 Pine St,sold,105894,5,1,3168,33.537881558546694,-111.88217001404568
5106,70 Sutter Pl,sold,198413,4,3,2615,33.53874280183941,-112.14513834884212
5107,659 9th St,active,261563,4,3,1683,33.384238183174666,-112.13361203222955
5108,549 4th Blvd,sold,146469,2,1,3057,33.441384553001384,-112.0964055924865
5109,113 Walnut Pl,active,115969,5,1,3474,33.36963857284435,-112.24572594058193
5110,405 Walnut Cir,pending,185447,3,2,2909,33.41104835594349,-112.2349805147898
5111,338 Post Trl,active,170128,4,2,3703,33.54334959154431,-112.1124848104459
5112,573 Indiana Wl,pending,241740,2,3,1101,33.51416084889565,-112.30176995435139
5113,161 Euclid Rd,active,114371,4,3,1692,33.542171823541906,-112.07244994666637
5114,728 8th Wl,sold,286879,5,1,2148,33.55909248002197,-112.21838242345811
5115,396 9th Cir,pending,283382,2,3,2378,33.376523156031986,-112.19312522632559
5116,738 3rd Pl,active,126776,4,3,2035,33.43839321609818,-112.22080462892369
5117,770 Euclid Wl,sold,223483,5,3,3579,33.500837084923646,-112.11837367349123
5118,678 Turk St,sold,187891,4,1,1737,33.407180114245364,-111.88782382583439
5119,406 1st Ave,sold,193516,3,2,1735,33.50814623613038,-112.10500558490774
5120,357 Indiana Way,sold,260398,3,1,3169,33.39225179398032,-111.89693821128012
5121,448 Franklin Blvd,pending,117417,4,1,2698,33.5322192790125,-112.08914095482544
5122,314 California Dv,pending,126213,5,3,3528,33.56135103685942,-112.20479455598466
5123,512 Page Ave,pending,288439,5,2,1144,33.37427971650711,-112.1905859446417
5124,350 3rd Way,sold,281073,5,2,3805,33.362019191134166,-112.26144052714123
5125,444 8th Pl,sold,299083,4,2,1476,33.476334789244945,-111.94761535733022
5126,206 Page Ave,pending,257125,4,1,3384,33.489091954475754,-112.05100930378848
5127,526 Pine Blvd,sold,181107,3,2,3771,33.53769432709653,-111.89243793357204
5128,655 4th Ave,active,236652,3,1,2128,33.494703027322615,-112.12158672338155
5129,380 Geary Way,active,201400,3,3,2094,33.44755345816526,-112.32169973794035
5130,251 Wall Dv,sold,234804,3,3,2970,33.468384264678946,-112.2666944179892
5131,353 2nd Cir,pending,276813,2,2,2206,33.48919755682603,-112.30389911871549
5132,716 9th Vis,active,217902,4,2,3493,33.43564539233307,-111.95343844468486
5133,550 7th Pl,sold,246102,2,1,1350,33.44520773202792,-112.05551607078864
5134,503 Turk Blvd,pending,241213,2,2,1849,33.58414641808418,-111.91724567774233
5135,678 Pine Blvd,active,181393,2,2,3628,33.590715215160856,-111.89258886333725
5136,545 Blake Rd,sold,103786,2,1,3896,33.373228448097336,-112.01071571660172
5137,798 6th Dv,sold,286876,3,1,3227,33.364862847396886,-112.18294761884013
5138,794 8th St,active,223364,2,3,2839,33.37742479564499,-112.01200100041962
5139,718 Page Way,pending,248821,4,2,2352,33.50820782465135,-112.1334917957135
5140,770 Walnut Ave,sold,141107,2,3,1451,33.55144230868582,-112.10034700792863
5141,753 Page Vis,active,100309,5,1,1488,33.417720295243825,-112.1517966358234
5142,248 Texas Pl,active,256889,2,2,1376,33.50607668299557,-112.32221539704466
5143,390 Geary Dv,pending,217331,4,2,2980,33.53065583671099,-112.02083727006013
5144,456 2nd Ave,pending,177359,5,2,2434,33.5764783592649,-112.16520202490696
5145,733 Walnut Rd,pending,104857,4,1,2545,33.53573971961101,-112.1833864927562
5146,719 Page St,sold,268910,4,2,3088,33.45721867992,-111.94820953070233
5147,117 Texas Wl,active,171379,3,1,1395,33.516153845149304,-112.27211095413614
5148,365 8th Blvd,sold,268189,5,1,2967,33.36962138299343,-112.11471417833901
5149,641 Turk Dv,pending,231632,3,3,3796,33.592108714356996,-112.25660517801681
5150,95 Post Cir,sold,229664,2,2,2281,33.454576018016816,-112.20319790284292
5151,744 Texas Pl,sold,263916,4,1,2252,33.51709507937346,-112.07263396973961
5152,366 Geary Wl,pending,239868,3,2,2709,33.56466190677523,-111.97266158264586
5153,558 Walnut Ave,sold,116852,4,1,1536,33.54069974233822,-112.32918070475866
5154,394 2nd Ave,pending,272902,2,3,3384,33.41634002940511,-111.96527577124232
5155,716 Sutter Wl,active,211544,4,3,1210,33.37162572604605,-112.33883959099008
5156,564 2nd Vis,active,149857,5,1,3880,33.378008299502085,-112.02238208930963
5157,696 Post Trl,sold,285829,3,3,1448,33.469391217667635,-112.2262892062675
5158,386 9th Ave,sold,104121,2,3,2085,33.57658405970712,-112.02062990229014
5159,356 Texas Pl,active,224794,5,1,3516,33.37436464230908,-112.26608203310835
5160,738 Indiana Wl,sold,121152,3,3,3084,33.41476881507824,-112.12506218336127
5161,660 California Vis,active,172434,3,1,3488,33.53890898861735,-112.3511770870885
5162,678 Turk Blvd,sold,275206,3,1,2072,33.58676538566688,-111.90885267334028
5163,479 Franklin St,pending,223261,2,2,1420,33.365906671020014,-112.17599625348937
5164,255 9th Trl,active,264756,2,3,2176,33.41972030089845,-112.34128419354842
5165,84 Indiana Rd,pending,177408,2,3,2317,33.58302382924497,-112.26206605464797
5166,122 Turk Rd,active,176130,2,2,2639,33.39026467890644,-112.05822789331548
5167,243 Turk St,pending,289264,3,1,3291,33.45987853381978,-112.19902266947928
5168,40 6th St,sold,288979,2,1,2108,33.58170905004475,-111.96196812720989
5169,31 Texas St,pending,140174,2,2,3657,33.48915747631018,-112.16245001563719
5170,11 4th Wl,sold,266742,3,1,1680,33.38598544737037,-111.97288021037754
5171,528 1st Blvd,sold,180556,3,2,2243,33.4995576386257,-112.22988760751815
5172,42 8th Way,pending,260255,5,2,1446,33.563692599920735,-112.23867851414464
5173,549 3rd Dv,pending,162132,5,1,1318,33.464962421930295,-112.32104320250562
5174,163 Indiana Vis,active,160509,4,3,1739,33.451800133188065,-112.17671896420617
5175,785 Wall Dv,active,215486,3,3,3662,33.46133432341981,-111.92187059339794
5176,307 8th Dv,pending,122109,2,3,1309,33.36938598266074,-112.23094392976037
5177,162 3rd Blvd,pending,107731,5,1,1389,33.47361756886358,-112.07509082052833
5178,586 9th St,active,236701,3,1,2127,33.36966584413254,-112.2961121166693
5179,657 Walnut Dv,pending,292048,2,1,3745,33.40303649855839,-111.95283498596221
5180,777 Geary Way,sold,125263,3,3,2295,33.43716393477567,-112.13097314956971
5181,617 Turk Dv,pending,145288,5,1,1504,33.36786498809143,-111.92437727130302
5182,631 Texas Rd,sold,210958,4,1,1083,33.4597537297204,-112.0761255478348
5183,493 Pine Blvd,pending,155641,2,2,3249,33.5233299311006,-112.35600072700589
5184,241 6th Way,pending,102829,4,3,3973,33.56446286655968,-112.32892743860411
5185,451 8th Wl,pending,125319,5,2,2447,33.39394353024322,-112.01853197510754
5186,368 Geary Ave,pending,124058,2,1,1473,33.447173936777915,-112.27555182626266
5187,694 8th Ave,pending,291937,3,1,2066,33.56548734361567,-111.94113562450396
5188,531 Mission Cir,pending,110684,5,1,2063,33.37038925128364,-112.28396295930784
5189,785 Sutter Vis,pending,191710,5,2,1600,33.45080814920138,-112.29861017427939
5190,502 9th Way,active,151932,3,2,1844,33.425555294347355,-111.91185358021343
5191,243 Geary Way,sold,124261,2,1,3479,33.53630301216594,-112.3513904636477
5192,95 Wall Vis,active,168980,4,1,2157,33.46852702125412,-111.92155263602027
5193,61 4th Trl,sold,211101,5,1,3465,33.50599045370014,-112.06843796554912
5194,390 Sutter Wl,pending,290217,4,3,2629,33.47213150327072,-112.28566600211613
5195,650 Pine Blvd,sold,153319,4,3,2703,33.48254477942338,-112.09556666928346
5196,602 9th Pl,active,189690,4,2,2686,33.48018685390247,-112.12122892518157
5197,374 Franklin Ave,active,252197,4,3,2106,33.580683506933056,-112.32026304514723
5198,68 Euclid Blvd,active,118266,2,3,3688,33.57299330146076,-112.13036445725449
5199,321 Turk Ave,active,230497,2,2,2530,33.552710502559734,-112.29400081645491
5200,96 3rd Rd,sold,128085,3,3,1065,33.37723043372987,-111.97014799883883
5201,667 1st Pl,pending,189474,5,3,2948,33.58428074832311,-112.09232078425232
5202,589 Mission Way,active,193663,3,2,3956,33.42636177176623,-111.94892518672773
5203,483 Geary Trl,pending,128258,4,3,3046,33.38860779901877,-112.083167594428
5204,298 Texas St,active,202833,5,1,2899,33.5535326957553,-112.2162311596946
5205,752 Walnut Wl,pending,158297,3,2,3290,33.4417411824547,-112.12427133287643
5206,149 Wall Rd,pending,252334,3,1,1651,33.449110500535674,-112.30575971689271
5207,189 Page Wl,pending,239079,3,3,3914,33.46537335516422,-111.91913500520629
5208,731 Pine St,sold,145529,4,2,1896,33.458540232140265,-111.97612507048314
5209,709 Indiana Dv,active,164044,2,1,2498,33.424609034507576,-112.30929563524596
5210,125 1st Trl,pending,131625,4,1,1403,33.43091014101664,-112.06026437087593
5211,40 Post Rd,sold,117202,3,1,3920,33.49937375471102,-111.88552875195931
5212,326 California Wl,active,249988,4,3,2564,33.5913336579319,-112.01467538924051
5213,79 Post Ave,sold,244269,4,2,3106,33.3735918876506,-111.96770283854661
5214,506 8th Blvd,sold,133190,3,1,3751,33.36255957613374,-112.27106825218566
5215,515 Bush Rd,sold,256828,3,3,2294,33.47476597345738,-112.13728791088225
5216,611 1st Trl,sold,128608,5,1,2682,33.43012304394946,-112.0320804284297
5217,108 7th St,sold,257268,3,2,2982,33.5863834741923,-112.02639784516938
5218,552 Bush Wl,sold,274904,2,1,3498,33.57330545904122,-112.07015453925722
5219,541 Wall Blvd,active,182486,3,1,1285,33.53067401758555,-112.26532758981449
5220,581 Euclid Blvd,pending,133818,2,1,2904,33.516298743266695,-111.98692189453058
5221,241 Sutter Cir,sold,273462,2,1,2757,33.38751917381048,-112.32969412473044
5222,23 Blake Rd,sold,180558,4,1,2312,33.523687163224054,-111.87360962838031
5223,116 Turk Blvd,pending,170192,5,2,3850,33.38053736718195,-112.32864727896774
5224,682 9th Dv,active,200066,2,1,2973,33.403251218953216,-112.35916116324104
5225,624 Sutter Trl,sold,286558,2,2,1162,33.48382234832854,-112.12377965508169
5226,143 6th Dv,sold,123642,4,3,2363,33.39045564526953,-112.00695940117792
5227,478 6th Rd,pending,276200,5,3,2424,33.38170230220403,-112.24762011953618
5228,179 Euclid Vis,active,166031,2,3,1013,33.54581008841348,-111.95409374416577
5229,441 6th Rd,sold,127629,2,3,2799,33.57869131713132,-111.9412664978077
5230,501 Blake Blvd,sold,171206,5,2,1283,33.59309769551872,-111.9188841097115
5231,526 8th Trl,active,115022,2,3,1140,33.5284224137764,-112.12931281725851
5232,101 6th Rd,pending,269060,5,3,3821,33.57198872756131,-112.1353091948006
5233,224 Post St,pending,198761,2,3,3995,33.52338866684763,-112.07045903109325
5234,725 4th St,active,235701,4,3,1553,33.3656123636702,-112.31995238122228
5235,94 Turk Blvd,sold,134818,2,2,2861,33.47034943710183,-111.90918569778722
5236,795 6th Blvd,pending,284355,3,1,1107,33.36278110745498,-112.18315339812968
5237,744 California Pl,pending,149850,3,3,1129,33.3926801810054,-112.04604280340567
5238,176 5th Ave,active,144644,3,3,2725,33.47002592323407,-112.09286441176438
5239,773 Texas Cir,active,295909,5,3,3837,33.45707128871752,-111.97338189478594
5240,777 Franklin Blvd,active,175776,2,2,1936,33.503289930109005,-111.89209948284433
5241,326 California Rd,sold,100595,5,3,2341,33.46464500213946,-111.8873899534286
5242,634 1st Cir,pending,200507,2,2,3825,33.42821345252236,-112.34965195411944
5243,425 Euclid Vis,sold,250809,3,2,2068,33.402357705544,-112.12373710711553
5244,659 9th St,sold,147749,4,2,1107,33.48157253662403,-112.30152185311191
5245,471 6th Vis,pending,221876,3,3,3161,33.431772203249366,-112.17610471414157
5246,180 Turk Dv,pending,224958,2,2,3856,33.51313123536664,-112.12462980842865
5247,730 Franklin Blvd,active,243537,4,3,3014,33.47703415635534,-112.20850801562472
5248,687 Turk Way,sold,230860,5,2,3090,33.56201276416037,-112.21940937495235
5249,748 California Way,sold,112385,3,2,3601,33.455109988879734,-112.22456998704835
5250,272 1st Pl,active,112974,5,1,1537,33.48434231758923,-112.21251561041379
5251,435 6th Way,pending,174462,3,2,1504,33.39789083441752,-111.93186395766976
5252,156 Blake Pl,sold,165374,4,2,2351,33.54958023556137,-112.10031373816388
5253,17 7th Rd,sold,157924,3,3,2075,33.36927622735382,-112.15693982187403
5254,183 7th Dv,pending,289380,5,2,3066,33.53826029891252,-112.26955343317478
5255,618 Turk Dv,sold,212532,5,1,2176,33.404501265683734,-111.93187936289708
5256,387 Mission Vis,pending,118920,5,3,2137,33.540910400600616,-111.9621237786588
5257,307 Bush Way,active,214682,3,3,2948,33.54593595261821,-112.08701209190727
5258,558 Mission Trl,pending,201536,5,2,1108,33.54335899043041,-112.29053691850895
5259,171 6th Way,active,280768,3,3,1993,33.43172872911275,-111.96455006191738
5260,96 1st Blvd,active,286338,4,1,2247,33.58361906464334,-112.22271069191729
5261,501 Bush Ave,active,126034,5,2,3111,33.57461962852619,-111.9334544765429
5262,617 Page Ave,active,190591,5,3,1992,33.49795454311774,-112.06258013637247
5263,165 Bush Vis,active,240187,3,1,2474,33.55680606863959,-112.10574664602582
5264,762 1st Vis,active,212696,3,1,3988,33.586808823452294,-112.02924259507782
5265,190 California Vis,sold,239326,3,2,3819,33.50634062049553,-112.2794563189515
5266,632 Texas Rd,active,187576,2,2,3011,33.38309373824891,-112.13124669862042
5267,66 8th Dv,pending,173030,3,1,2291,33.45180807325231,-111.91269596813798
5268,328 Bush Dv,pending,231181,2,1,2595,33.566063251575315,-112.16557425446406
5269,496 1st Rd,pending,283401,5,2,2603,33.5550933831758,-112.04720957293333
5270,60 8th Pl,active,109208,5,1,1034,33.43158407168867,-112.01164667515812
5271,768 5th Rd,sold,202626,4,3,3097,33.44506948067291,-112.30931422454789
5272,130 1st Pl,active,117707,2,1,2309,33.489242577596926,-112.04060473603829
5273,134 Euclid Blvd,pending,284796,5,2,1742,33.482623170603205,-111.95132188624397
5274,773 Geary Pl,active,276826,4,2,3277,33.5781423888471,-111.90902722354747
5275,477 Indiana Wl,active,199365,2,2,3968,33.53257623072764,-112.21134227509462
5276,508 2nd Way,pending,268196,4,3,3822,33.398081454934434,-112.10912105985821
5277,15 2nd St,pending,177660,4,1,1041,33.56261635438758,-111.89949746885347
5278,260 Sutter Dv,pending,285978,3,1,3740,33.3738326032532,-112.17207852259138
5279,289 Pine Rd,pending,262772,4,1,1862,33.432368621504374,-112.01778549105582
5280,439 4th Rd,pending,295315,4,3,3166,33.49318580791218,-112.27968084971948
5281,70 7th St,sold,295342,4,1,1522,33.37575005551626,-111.98014957793563
5282,571 Franklin Dv,sold,246822,3,1,2185,33.47000763082943,-112.06695673405699
5283,738 8th Dv,active,212082,4,1,2107,33.38809574864565,-112.06373088928778
5284,735 Indiana Rd,pending,295933,2,3,3558,33.41704233526147,-111.92608362501907
5285,567 Bush Cir,sold,166321,4,2,1694,33.36755305310851,-112.21078552620541
5286,497 7th Wl,pending,142914,4,3,3064,33.55486662576433,-112.02145839290317
5287,787 4th Pl,pending,277698,3,3,2276,33.54410022585868,-112.0777259214938
5288,719 Page Cir,sold,296056,2,2,2456,33.57342334332835,-112.01076290712082
5289,619 4th Pl,pending,179283,5,3,2391,33.474188364603194,-111.97306996491236
5290,92 7th Wl,pending,171140,5,1,3441,33.57702508472975,-112.36160462325246
5291,648 6th Rd,sold,101792,4,1,3289,33.38495502938435,-112.2010483385539
5292,328 Turk Pl,sold,119052,3,1,2953,33.54610239248345,-112.24458529824744
5293,13 Post Trl,sold,258016,3,3,1083,33.56444419578291,-112.03263627296441
5294,429 Euclid Way,pending,290990,2,3,1383,33.4835129871831,-112.03007035498949
5295,375 Indiana Rd,pending,253113,4,1,1343,33.49440566155874,-112.31496294724529
5296,290 Post St,sold,257732,3,3,3777,33.36150340505569,-112.01844821448623
5297,254 Mission Way,pending,174341,3,3,3400,33.562733578797115,-112.35665448338952
5298,542 Blake Pl,active,140565,3,3,1031,33.411438375693955,-112.04318471192242
5299,500 3rd Ave,active,296397,2,2,1137,33.3697287810127,-112.20962811921324
5300,325 Post Vis,sold,156752,2,3,3189,33.54088576221869,-111.87727136001881
5301,731 6th Way,active,219112,5,2,3176,33.53756373074921,-112.15804614451467
5302,397 Turk Wl,active,266144,2,3,1187,33.479868019227496,-112.27752700447658
5303,164 Texas Rd,sold,295929,3,2,3411,33.54960127055323,-112.17271879596412
5304,589 8th Dv,active,140231,3,2,1778,33.39242670030682,-111.97036525823567
5305,447 6th St,sold,197531,5,2,1736,33.43757955079685,-112.00104098035263
5306,653 Walnut Cir,sold,146077,3,2,1980,33.44335872073951,-112.11812838844287
5307,274 Post St,active,207623,3,1,2563,33.36881249873476,-111.8956352121051
5308,220 Geary Rd,pending,239584,3,1,1763,33.56925718146799,-112.12064817378604
5309,709 2nd Ave,sold,152185,2,1,2271,33.37924184586275,-112.21057741066785
5310,763 Post Pl,sold,179126,4,1,2986,33.57602270678977,-112.10054406820194
5311,580 Texas Way,active,133304,5,2,3534,33.558971288294394,-112.00761956326342
5312,307 Euclid Rd,sold,273497,5,2,3095,33.59245460613703,-111.9506638068442
5313,506 Bush Pl,pending,137166,5,3,3592,33.455487248573775,-112.01357481818492
5314,690 5th Dv,pending,181951,4,2,3699,33.5846645670063,-112.04419552925347
5315,112 Page Cir,sold,214135,4,1,1387,33.48184397345187,-112.33686899484628
5316,360 Post Pl,pending,138351,2,1,3141,33.3909973787932,-112.1630776439724
5317,409 5th Rd,pending,192599,3,1,3725,33.439244386348356,-112.15621817068032
5318,282 Geary Ave,active,180315,2,3,1454,33.59241721195887,-111.99615705550144
5319,557 Sutter Rd,active,226558,3,3,1695,33.54307029687806,-112.21192381352179
5320,541 Pine Trl,pending,254059,2,2,3380,33.47925856414607,-111.92282929766984
5321,513 Wall Cir,pending,166317,2,3,2867,33.53201986244256,-112.16777612299511
5322,58 Turk Way,pending,152388,2,1,3350,33.4554104895864,-112.33047586019016
5323,366 Euclid Trl,active,250139,5,1,1400,33.45313805868223,-112.03366893223169
5324,142 Indiana Ave,pending,224510,5,1,2256,33.46645497562458,-112.20033811161814
5325,357 Blake Blvd,pending,263519,5,3,3113,33.513344477366694,-112.30107715287221
5326,715 Mission Ave,active,289829,3,2,3247,33.43419705726824,-111.96594730824101
5327,626 Franklin Rd,sold,202185,5,3,1047,33.53622637416707,-112.24494449608723
5328,39 1st Pl,active,154270,2,1,2861,33.40994779292615,-112.16618731083464
5329,414 Page Ave,pending,115280,4,3,2335,33.522490029824496,-112.02695987699285
5330,241 Euclid Ave,pending,121907,5,2,3545,33.51567355384412,-112.01816542590211
5331,182 Post Cir,pending,220128,4,2,3024,33.374323105177034,-111.968718418745
5332,14 Turk St,sold,196245,3,2,1184,33.44338595005541,-112.0524176714337
5333,617 California Vis,active,291085,4,3,3788,33.46725207942488,-111.93531392792792
5334,366 4th Rd,active,115572,5,1,2876,33.51448528961483,-112.30735130679237
5335,360 8th Way,pending,128143,4,3,3559,33.530013308876065,-112.06138536708626
5336,420 Pine St,pending,157490,5,3,3163,33.402231734579104,-111.95342525128983
5337,690 Turk Way,pending,124086,4,1,3371,33.476394695281954,-111.91603105781795
5338,699 1st Rd,active,112519,4,1,2330,33.59139676605047,-112.20978801537163
5339,684 Euclid St,sold,214925,2,2,1142,33.452117813478154,-112.28812511228115
5340,307 Turk Ave,pending,152641,2,2,1107,33.47684337692689,-112.04840981906382
5341,373 Texas Trl,active,289069,2,3,3250,33.51282753126621,-111.96327109093048
5342,201 Texas Cir,sold,227571,3,2,3240,33.46421013603881,-112.3249345821993
5343,223 Euclid Ave,active,204148,5,3,1955,33.3646002835711,-112.12143052552605
5344,526 7th Way,pending,183867,2,3,1736,33.459815072650485,-111.9842174330242
5345,157 Euclid Cir,active,218949,4,1,1196,33.56489652258869,-112.0513977413811
5346,497 8th Dv,active,230788,2,2,3644,33.560969453580825,-112.34116922655824
5347,277 8th Cir,pending,249651,4,2,1505,33.43112847021832,-111.87653871582594
5348,465 Indiana St,pending,246869,5,1,2274,33.40458684557764,-112.32699227659623
5349,717 Sutter Blvd,pending,204961,5,3,2915,33.41111085737145,-112.34092921706413
5350,704 Blake Dv,active,198908,2,2,1170,33.48252920782123,-112.24177785237777
5351,369 6th Rd,pending,161600,2,3,2890,33.48454698335864,-111.96224654197651
5352,269 Turk Way,active,146890,3,2,3145,33.378589537606324,-112.19953076722166
5353,218 Blake Trl,pending,286663,2,2,3028,33.370916538987245,-112.35697520791884
5354,449 5th Cir,pending,280330,2,1,3098,33.461307524885136,-112.23304477961486
5355,353 Euclid Rd,sold,228490,4,1,1060,33.54497155836281,-112.15514626152793
5356,151 Euclid Wl,sold,248890,3,3,1818,33.406634754369954,-112.16192962819846
5357,495 3rd Dv,sold,263699,5,1,2328,33.51281851643978,-112.20927210403941
5358,755 Mission Cir,pending,217578,4,1,2560,33.50795336869523,-112.26303672372966
5359,197 9th Blvd,sold,246641,3,1,3338,33.48477054831271,-111.92243692586342
5360,192 Bush Dv,pending,263295,5,1,2644,33.52416590321793,-112.3568402616389
5361,483 5th Cir,active,279434,5,1,3156,33.419173851973916,-112.2934865338093
5362,442 1st Blvd,sold,143861,4,2,2263,33.503259576490585,-111.97503793261534
5363,716 Mission St,pending,161846,5,3,1989,33.36820561862475,-112.06316193401601
5364,674 5th Ave,sold,262308,4,2,1252,33.59233287139289,-112.03693590814747
5365,629 California Blvd,sold,100383,5,3,2430,33.400203690743055,-112.08876405171313
5366,298 Walnut Trl,pending,262221,3,2,3038,33.41247249676784,-111.95278408269579
5367,214 Blake Pl,active,118427,3,2,3897,33.53160891007521,-112.35871233924844
5368,700 1st Ave,pending,174960,2,1,1052,33.53752931843486,-112.31264317713897
5369,478 Post Wl,sold,272730,5,3,1608,33.4484037816798,-112.21197935390133
5370,156 9th Cir,sold,195939,3,1,3227,33.4123606243003,-112.23813950715993
5371,344 Texas Vis,active,177635,5,3,1702,33.55338052543065,-112.13145993555587
5372,120 Wall Cir,active,149624,3,2,1241,33.37329097907168,-111.92067446578544
5373,176 Turk Pl,sold,257251,3,3,3067,33.5744312894484,-112.14797413037459
5374,568 8th Vis,pending,189101,3,2,1677,33.4528510628541,-112.31606292936723
5375,361 Bush Pl,pending,119680,3,1,2749,33.37665830764888,-112.09677148095963
5376,307 Sutter Way,pending,101403,3,1,1676,33.42629155538389,-112.24394103778087
5377,560 Euclid Cir,sold,233413,4,3,1520,33.54793686363117,-112.13592590995667
5378,433 Geary St,pending,283680,3,1,1257,33.456722060656254,-111.9894174649104
5379,672 9th Dv,sold,170435,5,2,2339,33.51862311557614,-112.32548259335616
5380,753 Franklin St,active,215531,5,1,3605,33.56020522647616,-111.9855736074819
5381,192 Walnut Pl,pending,266256,2,3,3407,33.40262377087173,-112.26866618960226
5382,107 Turk Dv,pending,107421,2,3,2893,33.38935015315918,-112.0075586669418
5383,310 5th Ave,active,204189,4,3,3269,33.51828881759521,-112.3287249366644
5384,35 Blake Ave,pending,135998,2,1,2368,33.38325579193086,-111.9694334822933
5385,332 1st St,active,146647,2,2,2787,33.52608890615569,-112.30049591746489
5386,280 Sutter Dv,pending,249331,4,3,2438,33.47030189700804,-111.98510632956557
5387,109 6th Blvd,sold,145717,4,2,3171,33.38471323064302,-112.14327359011568
5388,617 Walnut Vis,pending,185109,3,2,3378,33.56959369161776,-112.07879192788594
5389,742 Post Dv,sold,278641,2,1,2397,33.47711768570718,-112.0920178295142
5390,390 9th Trl,sold,170270,3,2,3758,33.5216519748321,-111.9344033510945
5391,521 Bush Dv,active,143732,2,1,2238,33.58280902155771,-111.93881224715304
5392,111 Mission Trl,sold,219027,2,1,1316,33.532673414376355,-112.15117864471213
5393,253 Mission Rd,sold,210041,5,2,2002,33.54065379403438,-112.05930664576861
5394,582 Wall Blvd,active,269918,4,3,2657,33.58465428192961,-112.23663548762214
5395,777 9th St,active,168495,4,1,3247,33.5789009115489,-112.17564182307476
5396,164 Franklin Blvd,pending,177319,4,1,3107,33.42854276668318,-111.8867431915181
5397,797 7th Rd,active,158535,5,2,1402,33.442117445727,-112.25755212173699
5398,466 Geary Cir,pending,199479,4,2,2297,33.56464621701296,-112.21448849912588
5399,666 Indiana Way,pending,274415,5,1,1181,33.406319852763914,-111.99766100592853
5400,196 1st Dv,pending,243689,3,1,1935,33.36152449186816,-112.36040831459287
5401,279 Texas Wl,sold,124239,4,2,2955,33.56984514664526,-111.93290252893469
5402,348 6th Cir,sold,130489,4,3,1887,33.50909940681687,-112.09505348527212
5403,739 6th Pl,sold,134059,4,2,2528,33.44208156033497,-112.0648587878644
5404,511 4th St,pending,243267,2,2,2728,33.40241034126945,-112.20272950894133
5405,306 Euclid Cir,sold,154117,3,1,3084,33.4073138293497,-112.24287496547265
5406,268 Blake Rd,pending,199218,2,3,3357,33.51100461393504,-111.92304966009512
5407,235 3rd Rd,active,177203,5,3,2204,33.49221821107457,-111.9961256735188
5408,564 Texas Wl,active,267088,4,3,1653,33.563959788383336,-111.99680818128321
5409,652 Mission Trl,active,241762,2,1,2506,33.505975337291694,-112.00445130657553
5410,751 Wall Vis,active,112701,4,2,2775,33.4906342223127,-112.28847867698524
5411,230 Blake Rd,sold,186365,2,3,3358,33.452427969799615,-112.1458228227159
5412,479 Page Cir,pending,150089,5,1,3787,33.43846610319911,-111.99229563576779
5413,34 8th Vis,sold,148995,2,1,1152,33.48195861060075,-112.22345706115664
5414,674 6th Vis,active,230684,5,2,1051,33.49812872846693,-111.90665294510332
5415,536 Turk Cir,sold,225463,4,1,2801,33.47675129851416,-111.98345773595614
5416,331 Bush Pl,sold,208603,5,2,1275,33.52849907847991,-112.23565416179281
5417,642 Sutter Ave,active,104851,5,2,2841,33.448027406132276,-112.25110073381452
5418,748 Bush St,active,293240,4,3,2498,33.57572207015595,-112.10079384977969
5419,140 Blake Cir,pending,227806,4,2,3707,33.46998999216213,-112.18936279633621
5420,709 1st Vis,pending,236593,4,3,2266,33.50102243553876,-112.28921646609534
5421,520 8th Trl,pending,283049,4,3,2350,33.38686830112867,-112.20226789128574
5422,107 Walnut Trl,sold,249699,4,3,2557,33.43597633642116,-112.28919545284054
5423,336 4th Vis,active,133798,2,2,1776,33.517969088245266,-111.8732948359279
5424,238 8th Way,pending,133056,2,2,3633,33.53116191579015,-112.01286946352165
5425,314 4th Wl,pending,146535,4,1,1149,33.37734525385565,-111.97774568127805
5426,73 Turk Blvd,active,223583,3,1,3414,33.37915983717893,-112.23833328575039
5427,375 1st Dv,pending,112024,5,3,2498,33.5280187614726,-112.11437555896845
5428,149 6th Pl,active,195587,3,2,2858,33.474980463737204,-111.95580585339931
5429,523 Geary St,active,187550,2,3,2556,33.40868049047583,-111.94226184227112
5430,799 California Wl,pending,140105,5,1,1654,33.42864608342466,-111.91602136757174
5431,92 Indiana Dv,active,109662,2,1,3756,33.55073707920141,-112.16497438945893
5432,77 Wall Blvd,active,194797,3,2,2033,33.42354621071911,-112.27822558914839
5433,24 Euclid Trl,active,168323,2,2,2002,33.51589711479679,-112.07492335068565
5434,731 9th Wl,sold,114192,2,1,1817,33.36742125099609,-111.90580700415533
5435,233 3rd Dv,sold,168979,3,3,3494,33.542363351277814,-112.27214964962103
5436,498 California Vis,active,174725,5,2,1897,33.54769576956558,-112.16180558123494
5437,231 Walnut Blvd,active,289845,3,1,2123,33.423069468655314,-112.26727307573826
5438,149 8th Wl,sold,100072,3,3,2644,33.37587527159464,-111.9315801744157
5439,598 Turk Blvd,sold,266827,2,3,3179,33.58212982179485,-111.97119927552036
5440,310 Mission Pl,active,282101,2,2,1304,33.462155334928,-111.87416259407601
5441,293 California Way,sold,160409,2,2,2547,33.59385591226091,-112.27098172926559
5442,376 Mission Way,pending,175634,5,2,3519,33.374303761106745,-111.96105662571381
5443,366 Blake Cir,active,296282,2,2,3038,33.36387382424036,-112.20286306816158
5444,783 California Blvd,pending,299080,4,1,1712,33.5039813843535,-112.24309349845358
5445,596 4th Vis,pending,257521,3,2,3173,33.369565948364595,-111.9188009150036
5446,466 Sutter St,pending,125168,4,3,1984,33.413617272267224,-112.17357688593444
5447,712 6th Vis,pending,220829,4,3,2470,33.36651016071853,-112.17538682328016
5448,739 Walnut Way,pending,163908,4,2,2489,33.572167333822634,-111.99543695079926
5449,741 Blake Dv,pending,196438,4,3,1791,33.461804035114305,-112.35594179491126
5450,147 6th Vis,sold,107325,3,3,1048,33.51185503224134,-112.07212244759302
5451,643 Euclid Ave,sold,276740,4,1,2695,33.48510212761804,-112.30317115857622
5452,35 2nd Dv,sold,293076,5,1,3866,33.53881320066379,-111.93997674937289
5453,274 Mission Cir,sold,229219,4,1,3460,33.44227508167047,-112.24439661664407
5454,293 8th Ave,sold,273507,4,3,2328,33.522763212796,-112.11978052843793
5455,95 Franklin Vis,pending,220310,5,3,3897,33.57175523171934,-112.13965942768517
5456,510 Page Dv,sold,142287,3,2,1673,33.558290860892015,-112.07458600712981
5457,27 Post Rd,sold,254523,3,2,3614,33.51355971326266,-112.26249413533502
5458,710 Euclid St,active,131681,3,3,2270,33.5696087624266,-112.33769707763004
5459,247 9th Wl,pending,113900,5,1,3142,33.445282833322246,-112.21857883962014
5460,545 Pine Cir,active,232559,5,2,3060,33.480214298684565,-112.04683329996851
5461,205 Page Dv,pending,161892,2,1,3221,33.41647273176202,-112.35776212019262
5462,384 2nd Way,active,210685,3,2,1914,33.453767549870534,-112.2739492882053
5463,467 Page Trl,pending,170978,5,2,3895,33.517036155171226,-112.18661171082934
5464,241 Mission Trl,pending,243951,2,3,2375,33.40508563346998,-111.96762335016038
5465,787 Sutter St,pending,292506,2,1,3324,33.48206332939006,-112.26114217499271
5466,483 7th Cir,active,291483,3,2,2834,33.56574200393971,-111.89696269573516
5467,121 Sutter Way,pending,133433,3,2,1899,33.40306726655092,-111.88443721806406
5468,258 5th Ave,pending,115231,5,1,2073,33.41690388220413,-111.91703749330627
5469,276 Post St,pending,153420,5,3,1712,33.36802943134754,-111.98508307796938
5470,19 California Dv,active,285016,2,2,1140,33.37606712263086,-111.9169161757554
5471,46 9th Vis,pending,215262,5,2,2311,33.520404869336325,-111.99199931782663
5472,758 California Cir,sold,267849,3,2,2958,33.58586611246814,-112.13671849316182
5473,500 4th Cir,active,137639,4,1,2666,33.44874132215782,-112.27250594951259
5474,796 Mission Wl,sold,236980,2,1,2923,33.55296243777045,-111.88964847447552
5475,782 California Cir,pending,202693,3,2,1292,33.53603021664179,-111.95953891953977
5476,189 Wall Rd,pending,269184,5,1,1697,33.409446668976706,-112.1801509195266
5477,21 Bush Ave,pending,215579,2,3,3036,33.53806361658193,-111.97351719670118
5478,472 3rd Wl,active,146806,4,3,1898,33.435057750065994,-112.2378158884057
5479,465 Walnut Dv,sold,219574,5,1,3734,33.38826739877686,-112.06074437086089
5480,128 Geary Ave,sold,143403,5,3,2738,33.47456930371624,-111.8770841976997
5481,50 7th Dv,pending,236961,4,3,2379,33.45072504829712,-112.17792466116062
5482,602 Walnut Trl,pending,276383,4,3,1667,33.38428302447333,-112.36105277901733
5483,794 9th Vis,active,225933,5,1,2092,33.45818149744443,-111.89254781860353
5484,537 5th Dv,active,198962,3,3,2673,33.55830688921242,-112.1341928046973
5485,701 7th Blvd,sold,186638,5,2,1805,33.38900391533506,-112.29652212870944
5486,553 6th Pl,active,272521,4,3,2462,33.368779377239974,-112.07167437736783
5487,149 9th Dv,sold,241987,4,1,2159,33.54375494134335,-112.26817417147933
5488,470 Blake Trl,sold,215228,5,1,2366,33.56455146704314,-112.0445354484916
5489,152 Wall Way,sold,194913,4,1,3728,33.44332750994553,-111.90657239833212
5490,303 Geary Way,pending,253352,4,3,3215,33.47259361991442,-111.92602806156414
5491,461 Bush Pl,active,225812,5,2,2636,33.36404506443434,-111.97342276187364
5492,713 Indiana Dv,active,181970,3,3,1942,33.38227551404233,-111.94650968391966
5493,410 4th St,active,188960,2,1,3819,33.59250703909403,-112.12226036473055
5494,568 Wall Trl,sold,108039,5,2,2198,33.502516394613224,-112.33029518684168
5495,44 6th Dv,active,176592,4,1,3362,33.4280958393946,-112.08449395284444
5496,441 5th St,sold,221781,5,3,2028,33.533162592330505,-112.14203556906249
5497,549 3rd Dv,active,168677,3,2,2551,33.3822548391091,-112.35467483121658
5498,15 Euclid Cir,active,215992,5,2,3596,33.3813438730291,-112.22888318818892
5499,111 Page Trl,active,103232,4,1,1885,33.424084032692484,-112.03494036690891
5500,708 Blake Cir,active,125459,3,2,1651,33.41728980118948,-112.04291866290457
5501,305 Post Cir,pending,182329,2,2,1426,33.440159065927276,-112.0264472324066
5502,298 Post Blvd,active,268242,5,3,2271,33.47764502827101,-112.26321800249652
5503,257 Walnut Dv,active,289976,2,2,3602,33.41375842194115,-112.21390528433463
5504,735 Bush St,sold,287379,3,1,1055,33.36366509655392,-111.97580061197712
5505,242 Geary Cir,sold,242477,4,3,1490,33.36839151794442,-112.26636906383787
5506,545 8th Ave,sold,285702,3,1,2807,33.420682871496524,-112.31069848758186
5507,153 Mission Cir,active,290211,3,2,2782,33.40660207267146,-111.94420626950878
5508,28 Sutter Blvd,active,193161,5,2,1324,33.51047112797124,-112.11087310736613
5509,641 Euclid Way,active,109608,2,1,2226,33.544918051230674,-112.13304650995295
5510,199 4th Rd,sold,294655,2,3,3566,33.47189858924564,-112.27178708311648
5511,257 Post Ave,sold,270997,3,1,3235,33.53248285342792,-112.1160420061892
5512,645 4th St,pending,128054,4,2,3627,33.45695678616169,-112.10613464803217
5513,514 Texas Pl,pending,158739,5,1,3782,33.38869824131913,-112.06030525937356
5514,504 Geary Pl,sold,186206,3,3,3956,33.571225646257254,-111.90128075186993
5515,190 Texas Rd,active,105386,3,1,2062,33.502983652617445,-111.95686921226856
5516,790 Indiana Vis,sold,272596,5,2,1116,33.48249475303243,-112.12571991173483
5517,598 6th Trl,sold,277575,5,1,2233,33.374255152720345,-112.26167795307725
5518,503 Pine Blvd,sold,271713,2,1,3131,33.46811220000165,-112.1654833781685
5519,11 Wall Cir,sold,265628,4,2,3457,33.441452397469895,-111.97467302982902
5520,661 8th Pl,sold,147237,4,2,2866,33.58994856447028,-111.92001211795058
5521,173 4th Blvd,sold,167589,2,2,3131,33.44281370479828,-112.2371817792553
5522,374 9th Trl,pending,172233,2,3,2780,33.394819345376696,-112.09470338080938
5523,449 Texas St,active,258717,3,1,3955,33.4223505641343,-112.27817443649963
5524,26 Texas Wl,pending,200119,4,2,2949,33.47852333601411,-111.87441598781963
5525,621 Wall Way,pending,262493,4,3,3866,33.36552670770783,-112.05339162485251
5526,325 5th St,pending,103766,2,3,3817,33.560984835642,-112.35338189249315
5527,154 6th Cir,sold,261377,4,2,1776,33.55910894518211,-112.30794378474188
5528,271 Mission Vis,pending,259366,3,2,1823,33.44367466615457,-112.30228827201694
5529,766 9th Trl,sold,205569,4,2,1172,33.5912724800661,-112.11399305691447
5530,120 7th Blvd,sold,283695,5,2,2233,33.47404525408511,-112.23562758284616
5531,516 Franklin Pl,pending,283133,4,3,1665,33.45351316241635,-112.20883344986468
5532,604 Wall Cir,pending,278444,5,2,1844,33.466328263055225,-111.99193182427207
5533,661 5th Wl,pending,298247,2,3,1694,33.57762716938222,-112.11382607420407
5534,646 Geary Ave,active,285149,5,3,3626,33.49226815541624,-111.93453877700095
5535,338 6th Pl,sold,150384,5,3,2856,33.51776060407817,-112.09831429074532
5536,73 2nd Trl,pending,143706,4,1,2788,33.498078218058964,-111.97240310119021
5537,546 4th Wl,active,163294,3,2,1346,33.38107263073506,-112.08722297024458
5538,526 Indiana Pl,sold,142671,4,1,2342,33.375966049670694,-112.23408058414836
5539,60 Walnut Way,sold,284986,4,2,3589,33.55572942406397,-112.18229197361373
5540,83 1st Pl,pending,148654,2,3,1288,33.47077268240138,-112.109910490717
5541,66 Geary Trl,sold,178981,5,3,2060,33.567839588552985,-111.92531698890988
5542,95 Walnut Dv,pending,140341,5,2,2590,33.53231254045798,-112.2447376375874
5543,698 2nd Rd,pending,173655,5,3,3849,33.40035535363768,-111.90233244028873
5544,97 Bush Blvd,sold,133746,5,3,1314,33.44540536029351,-112.20231147204267
5545,168 Texas St,pending,227574,3,2,2366,33.398980132265784,-111.9377300069113
5546,534 2nd Dv,active,190267,4,1,2795,33.46609485929963,-112.24908170084038
5547,540 8th Way,pending,157595,5,3,1544,33.514203178805275,-112.28234146518783
5548,560 1st Rd,active,278105,5,3,2620,33.46387795565561,-112.01796644132368
5549,737 5th Way,active,160970,4,1,3827,33.58173032177823,-112.3073710270967
5550,685 Geary Wl,sold,281738,3,2,3048,33.468220904446255,-112.20921102527888
5551,419 4th St,active,256416,4,2,3693,33.392990452964874,-112.29539915258272
5552,695 9th Trl,active,252595,3,2,1610,33.482328807533,-111.9085571966407
5553,126 Mission Blvd,active,233933,4,1,1876,33.38109731442751,-112.01051226236247
5554,704 Turk St,active,230949,5,2,3096,33.36340395366855,-111.95219950364823
5555,195 8th Blvd,pending,274823,2,2,1135,33.535540245117026,-111.90014649301118
5556,663 Page Cir,active,170590,2,2,2335,33.362998156813816,-112.31597409021023
5557,43 1st Dv,pending,112159,5,2,2203,33.3936734439494,-112.21995889981434
5558,350 2nd Blvd,sold,132112,3,3,1924,33.53968701888314,-111.97966793934738
5559,276 Turk Cir,active,126005,3,3,2570,33.39603776140109,-111.92550244417392
5560,717 Turk Wl,pending,213461,2,3,2373,33.40189408158645,-111.88391089445005
5561,467 Turk Dv,sold,229265,2,3,2026,33.407019885287845,-112.01748267466537
5562,77 3rd Rd,active,221941,4,1,3381,33.43029983575364,-112.1888751196563
5563,584 Euclid Blvd,active,157280,5,1,3941,33.531849948690024,-112.22710168729257
5564,762 Franklin Pl,pending,218817,5,2,1522,33.478416874742294,-111.8782827630658
5565,350 6th Dv,sold,120178,2,2,1082,33.37514974398763,-112.08795832815024
5566,362 California Wl,pending,168024,4,1,3376,33.55273269508462,-111.94111275536143
5567,350 4th Dv,active,173841,5,2,3255,33.514621118219175,-112.26474185491452
5568,86 7th Vis,sold,154351,2,2,3522,33.5638122610434,-112.13653753433604
5569,662 1st Trl,active,252752,4,2,1903,33.506651357920546,-112.15456326937208
5570,76 1st Pl,pending,182299,4,3,2144,33.583644728576736,-111.99414567706476
5571,196 8th Blvd,pending,244830,3,2,2423,33.45235261098432,-112.2084797233115
5572,661 8th Trl,sold,176453,2,3,1281,33.59139285931893,-112.15600192249032
5573,765 6th Trl,sold,240609,4,2,2556,33.45198159747983,-111.96641687314498
5574,289 Bush Pl,sold,263859,3,2,1324,33.47514927761972,-112.32782890764807
5575,269 5th Blvd,active,292117,3,2,1372,33.58100463375787,-112.00768547283309
5576,107 Pine Pl,active,136147,5,3,3940,33.43242319961371,-112.32602978552309
5577,227 Blake Cir,sold,271720,3,3,1435,33.44852686243168,-111.89379361392099
5578,444 4th Wl,active,271312,4,2,3585,33.56729318742829,-111.98483571257427
5579,791 Texas Ave,pending,193488,4,2,1576,33.53315498631084,-112.2165556474874
5580,176 Euclid Way,sold,233087,5,2,1098,33.44487380479266,-112.05652092931821
5581,448 1st Way,pending,200267,3,1,2953,33.50762575244599,-111.92232785048854
5582,228 Mission Vis,sold,200502,5,1,3653,33.58819152857204,-111.90340294370496
5583,255 Wall St,active,117802,2,1,1182,33.444412950220936,-112.22363610902411
5584,738 California Rd,active,125289,2,3,2557,33.455516142837155,-112.0315944720315
5585,578 2nd Cir,active,285136,4,3,3641,33.52946257114618,-112.21494491231847
5586,263 Franklin St,active,227915,5,2,1563,33.533272019467034,-111.95935589690309
5587,642 9th Way,sold,237702,4,1,2697,33.38521498017407,-112.3155666937309
5588,600 Geary St,active,204828,4,1,2228,33.47939941066421,-112.12024000126392
5589,494 Euclid Way,active,192798,3,1,2493,33.555716189439075,-111.98140642572861
5590,277 Texas St,active,125999,5,2,2247,33.398204452244435,-112.29732669313572
5591,350 2nd Cir,active,237642,4,3,2711,33.38086122472429,-112.23451206383477
5592,795 8th Wl,sold,216938,5,2,2379,33.493720814334594,-112.35083146779589
5593,32 7th Way,pending,193696,5,1,3652,33.48064463157604,-112.26610216533047
5594,33 Geary Ave,sold,182500,4,2,2794,33.556113065333676,-112.06808211524474
5595,83 4th Vis,pending,225497,5,1,1908,33.47369613684702,-112.25969092494977
5596,372 7th Cir,pending,245802,5,1,2566,33.569839254646375,-112.16250526886937
5597,107 9th Wl,sold,186281,3,3,2343,33.51925574036041,-112.04797342643847
5598,476 Pine St,active,117393,3,1,3051,33.36128518224601,-112.32209826311191
5599,423 3rd Trl,active,172808,2,3,1373,33.56677167385387,-111.93332305605661
5600,747 Geary Cir,pending,274266,2,1,1441,33.44162243300698,-111.88601923441026
5601,55 Wall Trl,pending,161452,2,3,3827,33.45922858141209,-112.02080105787108
5602,423 Mission St,active,245905,5,1,2417,33.56781743432111,-112.00663227990329
5603,149 Bush Pl,pending,172913,2,3,2798,33.380871360922896,-112.20165829610598
5604,122 Turk Rd,active,271326,4,1,3031,33.407378412264784,-112.27687799418615
5605,133 Post Blvd,sold,112181,2,3,3784,33.479349374532255,-112.30348052788868
5606,709 2nd Wl,active,134952,3,1,1608,33.55506773719938,-112.03482364989902
5607,299 California Pl,sold,172494,5,3,3129,33.452004558233384,-112.07596551284641
5608,524 2nd Cir,active,169700,5,1,1323,33.36192493389577,-112.23879280031453
5609,240 Page Vis,active,275353,2,2,2818,33.562676588021226,-112.21188600841684
5610,34 Euclid Wl,active,256564,2,1,1253,33.55446755185594,-111.92392010967976
5611,749 Post Rd,pending,226729,2,1,2040,33.50616691532257,-112.15346263981041
5612,412 5th Wl,pending,156180,5,3,2041,33.37853906555797,-112.14072836944918
5613,210 Wall Pl,sold,119513,4,1,1194,33.38342324736926,-112.14655062937702
5614,318 Geary Blvd,pending,178028,4,3,3373,33.48615712084927,-111.89276328679313
5615,292 Wall Rd,active,196228,2,3,3608,33.38609134229376,-112.0785698867499
5616,563 Mission St,sold,214808,4,2,2851,33.50076633080535,-112.12451079401413
5617,344 Geary Blvd,sold,278912,3,2,1648,33.49604789965164,-112.18037510854361
5618,764 3rd Trl,sold,106200,3,1,1099,33.53661090630076,-112.19886843369981
5619,313 1st Vis,active,188183,2,3,2699,33.42461296732151,-112.22914506153712
5620,489 Texas Vis,sold,142286,5,2,3628,33.57359039919814,-112.19993835142994
5621,215 Mission Dv,pending,241309,5,3,3252,33.54426252523727,-111.95439145705548
5622,107 California Wl,active,116301,5,1,2692,33.40082340836418,-112.23574145112234
5623,593 Turk Blvd,sold,222783,3,2,1920,33.36103081652754,-112.20431550442406
5624,149 Franklin Rd,active,248059,4,1,3291,33.492313221207354,-112.07684239743134
5625,710 3rd Trl,active,115846,3,1,1268,33.533145750507906,-111.95006754342134
5626,704 Post Ave,pending,283238,5,3,3838,33.503286614360476,-111.95733613343901
5627,451 Wall Blvd,active,135448,2,2,2508,33.48294000815541,-112.03182234422371
5628,532 Mission Blvd,pending,172812,3,3,2705,33.523939854708615,-111.9656861725085
5629,767 Geary St,active,116190,2,1,2674,33.53584584043136,-112.19985963100112
5630,403 Texas Vis,pending,262678,4,1,1610,33.469563995559135,-112.32896167537825
5631,460 Pine Blvd,sold,122620,5,2,2620,33.54739757598005,-111.96501925573028
5632,140 Mission Trl,active,261911,4,1,3008,33.513733317148436,-112.2806750915614
5633,16 9th Trl,pending,275539,2,2,3859,33.36095249610464,-111.90642749590094
5634,613 Franklin Pl,active,137388,5,2,3502,33.37444259343223,-112.02534711482213
5635,79 Franklin Wl,sold,173331,5,3,1372,33.593408125678984,-112.03471311333693
5636,150 Walnut Blvd,sold,205116,3,3,1899,33.37579372948252,-112.19846875802224
5637,210 7th Way,sold,296736,4,3,2219,33.378883902883416,-111.9060500602699
5638,184 Mission Wl,sold,200070,4,3,3469,33.41386667697819,-112.22945258600964
5639,415 5th Vis,active,180708,3,1,2141,33.41043202714548,-112.33614192971133
5640,422 Indiana Way,sold,232322,3,2,2011,33.55755830435445,-112.2020988399042
5641,680 Texas Dv,pending,132521,3,1,3702,33.51687802789944,-111.93775216005014
5642,627 Bush Wl,pending,140367,4,3,1708,33.58400923925466,-111.96114371398939
5643,703 4th Ave,pending,113506,3,3,3884,33.47459511826778,-111.97491724103365
5644,121 Mission Rd,active,257568,4,1,2190,33.56344909300081,-112.31813145167263
5645,789 Euclid Way,sold,283254,5,1,1260,33.56638155039738,-111.93879271556897
5646,489 5th Ave,active,237295,5,3,3574,33.569456788818414,-111.92560405268183
5647,787 4th Way,pending,139160,3,3,1236,33.438460675972294,-111.94410527617715
5648,229 8th St,pending,211320,3,1,3965,33.57750816728366,-112.10380857627642
5649,373 Mission Vis,sold,169501,2,1,2319,33.404438808611964,-112.2968663334984
5650,666 Euclid Wl,sold,147805,3,3,1098,33.52818847304218,-112.00895252617728
5651,791 Franklin St,sold,259781,2,3,3392,33.400869074249336,-111.90070627524271
5652,561 4th Blvd,active,203401,3,1,3879,33.5395927939933,-112.11207899774102
5653,556 Mission Way,sold,249804,5,2,1841,33.52667630506431,-111.89872106585956
5654,540 Sutter Vis,sold,114548,2,3,1179,33.46432166042281,-112.03926971422976
5655,407 Walnut Pl,active,239794,5,1,2456,33.591442685735664,-112.2550476181009
5656,171 Pine Cir,active,104813,4,3,1099,33.448602711818396,-112.27736517952658
5657,507 Turk Wl,pending,207288,5,2,2815,33.46259979465276,-111.9570990622147
5658,123 1st Trl,active,225816,2,1,3067,33.55477547184485,-112.11627283391127
5659,105 8th Rd,pending,222334,2,2,2361,33.41406399075963,-112.26355745542737
5660,222 3rd Way,active,203715,2,2,2448,33.3817842978147,-112.22817611069921
5661,596 Page Cir,pending,190809,4,2,3472,33.55795504369881,-112.04228115770727
5662,740 6th St,pending,167249,2,2,2690,33.37912546818242,-112.17883276656451
5663,753 Euclid Trl,pending,269649,5,3,2590,33.54614136040898,-111.97407030581155
5664,86 California Pl,active,234055,3,3,2772,33.42879397743078,-111.97626828669434
5665,290 Turk St,sold,124139,4,3,2986,33.38585641772416,-112.09051372419391
5666,251 Mission Cir,pending,157345,3,2,1424,33.58527073034303,-112.12739395997025
5667,438 Franklin Rd,pending,283753,5,3,2507,33.47634467317812,-112.18034332250629
5668,111 Franklin Trl,sold,246298,3,2,2138,33.47386919006122,-112.2111984848244
5669,446 Texas Blvd,pending,105687,3,1,3271,33.50319347913862,-112.09185050146927
5670,310 Geary Rd,pending,155724,2,1,3216,33.53995792396411,-112.1755969572981
5671,260 Euclid Cir,pending,219521,5,3,1871,33.50149860811102,-112.31232600178879
5672,320 1st Cir,sold,174710,2,1,2969,33.417619879231296,-112.2231296313102
5673,378 Franklin Pl,pending,186343,5,2,1483,33.48100319148583,-112.08678763146095
5674,587 Bush Ave,sold,224156,5,1,1957,33.427431420151066,-111.99071447294435
5675,178 Geary Blvd,active,195155,5,3,3078,33.53241059273386,-112.0563522809438
5676,533 Euclid Trl,pending,298871,3,3,3095,33.5356377068782,-112.34843586754519
5677,344 Euclid St,pending,203763,4,2,3032,33.504689660998494,-112.02890557646916
5678,712 Wall Pl,sold,281410,3,2,1152,33.5077394531731,-112.32560398975085
5679,464 Geary Way,sold,233345,2,3,3886,33.53718699756198,-112.00359339075636
5680,453 2nd Blvd,sold,171803,2,3,1089,33.45847829099376,-112.33681572246162
5681,186 9th Trl,pending,260298,5,3,2410,33.39994195143192,-112.13722086633311
5682,163 7th St,active,182867,2,3,3576,33.36744794716286,-112.25915173610247
5683,205 Indiana Way,pending,140062,5,1,3780,33.569043152488625,-111.9040134431506
5684,213 Bush Dv,pending,217182,2,1,1557,33.552465767204914,-112.1882811853928
5685,21 6th Ave,sold,258159,5,3,2492,33.3759593231119,-112.0137854174205
5686,354 Texas Way,sold,160809,4,1,3286,33.513330169797854,-111.95268360583123
5687,623 2nd Way,pending,239164,3,2,2365,33.46139573691893,-112.06506944382278
5688,207 Post Vis,active,270686,2,1,1600,33.37649816723346,-112.25687971277823
5689,59 7th Rd,pending,229925,2,2,3265,33.53326687148161,-112.11597333973555
5690,166 6th Ave,sold,298475,2,1,3466,33.547560159665466,-112.30696637666182
5691,21 Pine Vis,pending,176363,3,1,2824,33.56275210742454,-112.0760653560803
5692,569 Franklin Cir,pending,253191,4,3,3648,33.458323409025944,-112.15999425029543
5693,214 5th Pl,pending,173719,3,3,1699,33.44980437701402,-111.97862218981295
5694,313 5th Pl,active,191574,3,1,3957,33.39370349991052,-112.19436984414817
5695,380 Wall St,active,118778,5,3,3894,33.49766548485843,-112.28030478446519
5696,270 4th Cir,sold,289666,2,3,2446,33.377225719274435,-112.03177355880409
5697,112 6th Trl,active,260680,4,2,2984,33.46618562241189,-112.07850701767737
5698,695 Texas Blvd,sold,289777,5,2,1846,33.51105502583198,-112.26996497415318
5699,490 4th Pl,active,113902,3,1,2230,33.43202060081471,-112.13429808351681
5700,374 5th Rd,active,170079,3,1,3223,33.36504078469563,-112.1238723445034
5701,427 5th Cir,active,259983,4,2,2172,33.55162936075757,-112.25393443846654
5702,529 6th Wl,active,150422,4,1,2610,33.38533927693979,-111.9403051972641
5703,540 Bush Ave,sold,269208,3,2,3382,33.46808428105566,-112.00599814076764
5704,314 Euclid Vis,pending,163401,2,1,1593,33.51031569906178,-111.93349955804597
5705,311 Wall Trl,pending,237636,5,2,1835,33.58228667540677,-112.19986895035656
5706,518 3rd Vis,active,244648,3,2,1964,33.44042642299997,-112.0920539067175
5707,499 1st Blvd,active,292963,4,1,3903,33.45334710439881,-112.12893737655156
5708,173 3rd Trl,pending,256795,4,2,3534,33.575056468171,-112.34318298315233
5709,586 3rd Blvd,pending,250680,2,2,1967,33.53288160922688,-112.28799179568597
5710,744 2nd Pl,active,293010,5,2,2804,33.497712425380215,-112.05618213911396
5711,194 2nd Trl,pending,138952,2,3,2525,33.50535513163078,-112.08447874057636
5712,664 8th Way,active,228478,2,1,1128,33.562672140270344,-111.96886495346193
5713,470 Post Cir,pending,196430,3,1,1860,33.45352534167034,-111.94380539422276
5714,428 Franklin Rd,pending,108969,5,2,3674,33.47720805322646,-112.07608422327822
5715,273 Post Vis,sold,184077,2,2,3409,33.531883813942464,-111.9780710373576
5716,345 8th Cir,active,150917,4,2,1576,33.49335151714783,-112.15272250970361
5717,270 Indiana St,active,161338,3,3,2956,33.489248945318536,-112.2283658633372
5718,51 Euclid Way,active,150953,2,1,2481,33.36753516872752,-112.12317232416109
5719,35 Turk Rd,sold,288970,4,3,1752,33.476345385716165,-111.90256780030501
5720,781 6th St,active,272871,3,3,2981,33.4931945654413,-112.13592753231588
5721,523 Franklin Vis,pending,189135,4,3,1702,33.43385804924492,-112.11615585487496
5722,678 Sutter Rd,active,103737,4,3,3561,33.57532995204148,-112.27958490374431
5723,42 Indiana Dv,sold,103401,2,1,3905,33.43951765279704,-112.24019661052039
5724,157 4th Cir,active,253657,5,3,1299,33.47625414914924,-111.92520124285541
5725,603 3rd Wl,active,150898,2,1,2643,33.41716137941832,-112.04267761968678
5726,345 1st Vis,pending,174628,3,3,3707,33.514800953661805,-112.25339320566964
5727,329 Indiana Blvd,sold,284532,3,2,3645,33.500365092603694,-112.26743482518208
5728,242 Bush Ave,pending,183783,4,2,3953,33.418382378174485,-112.3511159614718
5729,102 Texas St,sold,246628,4,1,1003,33.37432631727646,-112.22023037581022
5730,514 6th Vis,sold,188668,4,3,3994,33.52348987264127,-111.9068537853852
5731,754 Euclid Trl,pending,133523,4,2,3655,33.54209381657215,-111.97456269097276
5732,550 California Wl,pending,222210,4,2,1008,33.434992912675476,-111.89649510192865
5733,554 Sutter Vis,sold,188496,4,3,3825,33.49863560814667,-111.94054099170029
5734,13 8th Cir,sold,252660,5,2,2400,33.554589738263,-112.33627896556393
5735,380 Texas Blvd,sold,268335,2,2,3367,33.431113908172534,-112.0769265905666
5736,307 1st St,pending,227850,3,3,1518,33.41279362685834,-111.8867455380055
5737,321 Wall Wl,active,287417,2,2,1919,33.41494939643063,-112.0383133942307
5738,508 3rd Ave,sold,226333,4,3,1519,33.54747711556131,-111.96079747339532
5739,659 Turk Ave,sold,287366,2,1,3884,33.42503227373751,-112.22317055982084
5740,187 1st Rd,pending,122416,2,3,2119,33.44310185939436,-111.93173574506885
5741,17 Blake Rd,pending,156935,5,1,1754,33.447197430948684,-112.25544195577957
5742,761 Wall Rd,pending,175533,2,2,1624,33.42901760558682,-112.0983904879875
5743,700 Post Pl,pending,122065,3,3,3311,33.40849705607392,-112.05885081669958
5744,654 Walnut Wl,active,273210,3,3,1841,33.44505802939436,-111.95105857774192
5745,88 6th Pl,pending,180724,3,1,1779,33.51187906391528,-112.33161058961562
5746,609 8th Trl,sold,167470,2,3,1418,33.517566407211284,-111.89611273982857
5747,587 Pine Cir,active,108148,2,1,3233,33.376114394839796,-112.10380738993452
5748,620 Indiana Wl,active,273750,2,2,2606,33.402490245040454,-112.03276008371779
5749,672 Euclid Dv,active,263991,5,3,1015,33.37145493127053,-112.20240510616925
5750,411 Euclid Rd,active,152292,3,2,3083,33.473138334958556,-112.22760917844421
5751,472 Pine Wl,pending,244313,4,3,1091,33.516272398391884,-111.9127224143609
5752,179 Euclid St,sold,265306,5,2,3300,33.3702981059735,-112.22425452897
5753,771 Walnut St,sold,190169,5,2,1761,33.546099470582035,-112.05542043830309
5754,285 Euclid Way,pending,205317,2,2,3244,33.46138265639222,-111.9369792423605
5755,443 8th Vis,active,195758,3,3,2797,33.56093111716846,-112.27906842589066
5756,454 Texas Way,active,254231,3,2,3464,33.3810697207045,-111.91156219042034
5757,503 6th Blvd,sold,158412,2,3,2403,33.54464744100723,-112.09091446843198
5758,127 Texas Way,sold,124664,5,2,3430,33.46163905158699,-112.26538316407589
5759,482 Franklin Pl,pending,251727,2,2,1546,33.43661237907595,-111.97537331786465
5760,109 California Rd,active,219008,4,3,2007,33.39426677408411,-111.95375586898528
5761,447 1st Cir,sold,295641,5,3,2512,33.42800592989317,-111.95008042113702
5762,93 Blake Wl,pending,162609,2,3,1444,33.45346994578443,-112.23047696395324
5763,110 Mission Rd,sold,144685,5,2,1856,33.55835524160705,-112.34714533236692
5764,41 Wall Dv,pending,175057,3,2,2984,33.41841302940712,-112.35632982437548
5765,781 2nd Blvd,active,191604,4,3,3664,33.40103745117935,-111.99081305479778
5766,344 8th St,active,156620,2,3,3644,33.52335585273076,-111.97991625597226
5767,618 Pine Dv,sold,249864,5,3,3755,33.450495603364935,-112.02633077621941
5768,682 Texas St,active,107225,4,2,3072,33.531269462192896,-111.89187710825917
5769,407 Texas Way,active,140325,5,2,3617,33.39118251349779,-112.11692279185814
5770,17 Post Blvd,active,205458,4,1,2595,33.41926977082513,-112.35339883525475
5771,270 Page Wl,active,119096,4,3,1626,33.46768126580594,-112.00594740476839
5772,95 Geary Cir,active,292620,5,1,1302,33.50824865756898,-112.17649761799699
5773,68 Indiana Ave,pending,143459,4,2,2634,33.56353802197732,-112.30495008109621
5774,430 7th Trl,sold,266301,4,1,2199,33.3835650704405,-111.92082301986859
5775,250 Texas Wl,active,131166,2,3,2462,33.47973028715175,-112.20217548737537
5776,507 Texas Way,active,195610,3,1,3911,33.548963196760766,-112.05431714083973
5777,629 Post Way,pending,167428,4,3,2412,33.44101112817734,-112.11730812948281
5778,440 Franklin Vis,pending,296977,3,2,1356,33.41778287964651,-112.18104816532224
5779,596 Indiana Blvd,active,192788,3,3,2220,33.58016374185286,-112.102750360901
5780,323 4th Dv,pending,271951,5,3,1375,33.43907740694742,-111.90556603750264
5781,491 3rd Vis,sold,108913,5,3,2917,33.41534788703301,-112.01816786310292
5782,600 Page Trl,pending,287883,4,3,2313,33.41217085410446,-112.22463774678602
5783,615 Indiana Vis,active,133679,3,3,3519,33.522658284041846,-111.94983974705292
5784,789 Geary Cir,pending,210301,2,2,3805,33.465148756645256,-112.079952677361
5785,50 8th Dv,sold,220616,4,2,1192,33.54229072303865,-112.34688539481883
5786,698 Walnut Vis,active,211053,3,2,1084,33.44320171841265,-111.90119244125093
5787,352 4th St,active,123206,4,2,2640,33.36463989370068,-112.00994259910769
5788,782 California Pl,sold,172441,5,3,1319,33.536698033544276,-112.08811779074622
5789,30 Turk Trl,sold,231354,3,1,2086,33.58014020036811,-112.22653910903476
5790,92 6th Rd,sold,229933,2,1,2742,33.5649223348331,-112.28722433352537
5791,431 7th Wl,sold,254010,4,2,1062,33.53746886081236,-112.02261635234835
5792,411 Pine Cir,active,120472,4,2,1066,33.49894189044673,-112.2575729977164
5793,614 Pine Wl,sold,274259,2,1,1361,33.476134691284706,-111.94319141418534
5794,635 Texas Cir,sold,215213,4,1,2356,33.559057386624225,-111.90205996014674
5795,261 Euclid Pl,pending,277814,3,3,2915,33.545178697843035,-112.0599534536052
5796,653 8th Way,pending,194000,4,1,3486,33.558931175718556,-112.29159630234105
5797,66 2nd Trl,active,280619,2,1,1841,33.44338626575453,-112.21172698623873
5798,212 Bush Trl,pending,178569,2,3,1993,33.433375443687254,-112.01684479294181
5799,625 8th Cir,sold,156675,4,1,2846,33.589868299478276,-112.05517262205518
5800,45 1st Dv,pending,285693,5,2,1323,33.42211057218783,-112.26921198049192
5801,209 California Vis,pending,148041,4,3,2855,33.377783383780724,-111.89988218186502
5802,746 Texas Way,pending,213181,4,3,3023,33.45388175047408,-112.11524991012323
5803,243 6th Blvd,sold,154110,4,1,1401,33.39002738618113,-112.29429917744106
5804,312 Geary Blvd,active,259076,4,2,1347,33.432828187407246,-111.96689274414884
5805,153 Franklin Rd,pending,105638,4,1,1518,33.426406165921684,-112.09006712832145
5806,87 9th Wl,sold,126485,5,2,3689,33.45368250878698,-112.2027718441931
5807,568 Post Blvd,active,131888,5,2,1766,33.419547136684486,-112.04279370227896
5808,14 Bush Wl,pending,226922,2,2,3062,33.37382235304768,-112.27740685706712
5809,111 Turk Dv,pending,226847,3,2,2076,33.496139632678094,-112.27395956657926
5810,304 Sutter Cir,pending,275198,3,1,2251,33.3678139895287,-111.92995276653609
5811,336 2nd St,active,273060,2,2,1550,33.46378617809984,-112.26143010330904
5812,252 9th Dv,sold,177824,5,1,1835,33.580190835589804,-111.94686098318562
5813,60 Pine Trl,sold,155402,3,3,2309,33.36121024164364,-112.12219258630279
5814,728 9th Cir,pending,141556,4,1,3296,33.533013631072905,-111.97520349000757
5815,711 4th Rd,active,154981,2,1,2649,33.5658116969059,-112.21139599665857
5816,195 Indiana Blvd,active,100059,2,1,3474,33.4595260637615,-112.34823924004986
5817,217 Texas Blvd,sold,182703,2,1,1383,33.46595911838558,-112.17171660043495
5818,663 Wall Pl,active,261208,2,1,1616,33.554171649459235,-112.03450973131571
5819,554 Walnut Blvd,pending,120342,3,1,3327,33.45013795114977,-112.33820070625445
5820,69 Wall Cir,active,209752,3,3,2553,33.5499634724037,-111.87802994576728
5821,122 Pine Blvd,sold,141451,3,1,1750,33.58499143662502,-112.28628367169364
5822,694 Wall Blvd,pending,179729,3,3,1932,33.38643978959226,-111.93887896009613
5823,276 Texas Dv,active,292760,4,2,1966,33.54850161874672,-112.11781213524385
5824,366 9th Rd,sold,233745,5,3,1620,33.50135879929063,-111.97730645259166
5825,184 Geary St,pending,239828,5,2,1272,33.423938876172514,-112.21327559780634
5826,504 5th Blvd,active,159550,2,1,3279,33.40716611479332,-112.16829292381037
5827,202 3rd Trl,sold,237037,4,2,2659,33.585390714434055,-111.8963657030999
5828,240 5th Vis,active,164407,2,1,2927,33.36691449609523,-112.1888716686783
5829,530 3rd Vis,active,100409,5,3,3037,33.56198429416155,-112.24639718060546
5830,428 7th Cir,pending,290175,3,1,3223,33.48127666869704,-112.25031987751774
5831,506 Bush Pl,sold,134558,3,1,3672,33.412892008748,-112.23687842126408
5832,587 California Rd,active,159027,5,3,3870,33.56194883669993,-112.1485423589917
5833,456 6th Dv,pending,131356,3,1,2073,33.46583578013636,-112.23969280247289
5834,71 Mission Vis,pending,105377,4,3,3373,33.58002125252897,-111.99921168666827
5835,788 3rd Wl,pending,143427,5,3,2624,33.53056793134796,-111.92650767760782
5836,608 Pine Ave,pending,252744,3,1,3108,33.48459743017874,-111.93396861524303
5837,174 8th St,pending,142445,4,2,3037,33.57771731865622,-112.11025962956926
5838,655 Walnut Wl,pending,201537,2,1,1553,33.48280274306085,-112.356391576491
5839,243 5th Trl,active,112524,2,1,2352,33.368303199111345,-112.17242061970254
5840,671 5th Blvd,active,170124,5,2,3849,33.482435355304744,-112.35804149723255
5841,700 Blake Cir,pending,212200,2,1,1042,33.507500687846345,-112.24420328974857
5842,170 Indiana Vis,pending,227151,3,1,2281,33.532461270343404,-112.17316712091845
5843,353 5th St,sold,204936,4,1,1490,33.53850733663646,-112.12788001709106
5844,378 Post Rd,active,237379,4,1,1796,33.59090169844,-112.10141383629424
5845,224 3rd Trl,sold,137856,4,3,1180,33.4519391789392,-112.34217909579614
5846,122 5th Dv,active,231130,3,1,3618,33.41527145359448,-112.34158621403948
5847,394 2nd Rd,pending,206208,4,3,1421,33.445318246926846,-112.06359047512527
5848,20 California Ave,active,198525,3,2,1409,33.363704697234084,-112.29036879509742
5849,554 Indiana Dv,active,277582,2,1,1918,33.49580258496892,-112.24107331864569
5850,227 Pine Trl,sold,111695,3,1,3876,33.505083137882664,-112.11744331514438
5851,710 Indiana Blvd,sold,111109,3,1,2661,33.58653208818747,-112.17155773324542
5852,383 Wall Vis,sold,179898,4,1,2651,33.43099393304742,-111.99243026377991
5853,559 6th Cir,active,282307,4,3,2037,33.520922031226654,-111.9958029385759
5854,633 9th Trl,active,203799,5,1,1174,33.550930627306855,-112.09207894142277
5855,158 Texas St,active,214224,2,3,1554,33.52244578546766,-112.18624386460962
5856,477 9th Ave,pending,117790,5,2,2713,33.572512099232945,-112.09304247022399
5857,646 Euclid Vis,active,126550,3,3,2788,33.381670100601276,-111.88129261305586
5858,373 Post Blvd,sold,112112,3,2,3278,33.56295113951246,-112.22473755695154
5859,403 9th Rd,pending,108590,4,1,2297,33.49098139064716,-112.11250755863153
5860,790 8th Trl,pending,142893,2,2,2189,33.59386605819917,-111.9711602317548
5861,330 Mission Rd,active,257406,3,2,1902,33.430820986249685,-112.31061520745324
5862,704 Indiana Trl,sold,272211,3,2,1771,33.57076365706578,-111.92541543479281
5863,219 7th Dv,pending,177828,5,3,1036,33.482181851077534,-112.16590222197554
5864,359 8th Rd,sold,280598,4,3,2380,33.55589629563767,-112.12950547486221
5865,222 Blake Pl,sold,246737,2,1,3519,33.3738085783571,-112.09983282079776
5866,714 California Way,active,204685,2,3,2788,33.43846200811261,-111.90314575927619
5867,667 Pine Vis,active,249958,3,1,1795,33.53607931391514,-112.24672503841819
5868,431 California Ave,pending,223752,3,2,3124,33.482092180105646,-111.98541058961483
5869,207 6th Dv,active,133007,4,1,2702,33.42263914630978,-112.34189266824404
5870,473 Mission Vis,sold,282043,2,2,3270,33.40369200199211,-112.24244877454605
5871,99 Franklin Pl,sold,134207,5,3,1576,33.45923816500247,-112.15012676864305
5872,634 8th Trl,pending,189188,3,1,1011,33.361394421658886,-112.08613331396465
5873,692 4th Cir,pending,257759,4,3,1661,33.555332974659,-112.24633788004462
5874,362 Turk Rd,pending,143137,4,2,1199,33.47785134528505,-112.32240459183271
5875,774 2nd Vis,active,131185,5,1,1675,33.49439983605654,-111.88224263232811
5876,78 Post Ave,pending,161903,2,2,3894,33.42456660646211,-111.94539533896109
5877,113 5th Cir,pending,186049,5,2,3762,33.46051971197102,-112.01280621841917
5878,151 Bush Trl,sold,196601,2,1,3416,33.572098987335465,-112.06769929779777
5879,155 Sutter Pl,active,155632,5,3,1782,33.53791118240097,-112.2929566701041
5880,351 California Way,pending,176707,3,2,2593,33.46475750954792,-112.08787659710143
5881,98 Sutter Wl,pending,253282,3,1,1928,33.46636358087302,-112.1781289396127
5882,284 Turk Wl,pending,116177,2,2,1512,33.379525444831216,-111.95247305859714
5883,371 Turk Ave,sold,173447,5,3,2982,33.360970952374764,-112.228141397947
5884,136 Blake Trl,active,201266,3,1,1638,33.42003249039094,-112.0601564064328
5885,181 Blake Way,active,277672,4,1,2002,33.4822604108148,-111.99441481069839
5886,739 Pine Wl,pending,291571,5,2,3724,33.41400956395746,-112.1299278295918
5887,243 Page Vis,active,161658,4,3,2970,33.586694394482954,-112.33683568817602
5888,724 Blake Dv,pending,284057,2,1,3053,33.39396495333687,-112.3173335581051
5889,375 4th Pl,sold,127862,5,2,1564,33.51913398784599,-112.17088767973469
5890,298 California Vis,active,141131,3,2,2450,33.53112872332559,-111.90026307793526
5891,698 Walnut Cir,sold,195862,4,3,1439,33.56699814855937,-111.9635825229186
5892,475 2nd Dv,active,271318,2,3,3301,33.52106511254644,-111.93976426315443
5893,401 Euclid Way,active,137546,2,1,2012,33.531449920859615,-112.23048241505339
5894,466 5th Ave,active,223381,2,3,1081,33.3680155897435,-112.05633892899608
5895,356 Franklin Trl,pending,224730,4,2,2501,33.39383889518681,-111.89288300426328
5896,392 California Dv,pending,142810,3,1,1168,33.536479141097246,-111.9145885137979
5897,279 Bush Way,active,227422,2,2,3347,33.503893859781726,-112.32865471266145
5898,391 Turk Blvd,active,117365,3,3,1260,33.547534719474456,-112.21891293806388
5899,310 Franklin St,sold,187597,5,1,3917,33.48571340100713,-112.11768105018129
5900,126 Indiana Trl,sold,288191,4,1,3017,33.479266082044056,-112.06239918703186
5901,439 7th Dv,sold,114628,5,3,3878,33.53717777397003,-112.29644353220253
5902,64 Bush Dv,sold,193862,3,3,1336,33.39959637646391,-111.985485561907
5903,272 3rd Wl,active,166169,4,3,3834,33.409533375162134,-112.19688660297705
5904,106 Mission Dv,active,228737,4,1,1294,33.40732971323516,-112.13705232438879
5905,177 Blake Dv,sold,105467,4,1,1001,33.45330367137823,-112.23248746914784
5906,98 Mission Trl,sold,291164,4,2,1008,33.39016311880487,-112.13638154367706
5907,518 Sutter Rd,pending,256131,4,1,1332,33.38470304178732,-112.25120224022206
5908,455 Mission Cir,sold,175980,4,1,3328,33.57923169469951,-112.23369141873005
5909,28 Page Rd,sold,152259,5,3,2575,33.46904511477357,-112.27933655744411
5910,559 Indiana St,active,272850,2,1,2385,33.49162895269911,-112.0061855656565
5911,678 5th Dv,active,298626,5,2,2872,33.49369848895361,-112.29273059566829
5912,752 2nd Vis,sold,225668,3,3,1801,33.45139809028076,-112.34291065954585
5913,793 3rd Trl,active,155396,4,2,2009,33.44590257660998,-112.02169505687931
5914,477 2nd Pl,sold,247666,3,1,3684,33.46994801749568,-112.30346229022588
5915,17 2nd Way,sold,107545,2,3,1819,33.4641632028773,-112.14945433209778
5916,445 Wall Trl,pending,170987,2,1,3857,33.445899648385556,-112.27576765574825
5917,434 2nd Pl,pending,265255,5,3,3984,33.5005537853815,-111.93720064303697
5918,745 Turk Vis,pending,291653,4,2,1323,33.459667402532716,-111.93906461330862
5919,71 Wall Rd,sold,174652,3,2,2778,33.573700564072865,-112.02381336737496
5920,339 5th Trl,sold,135059,5,3,2500,33.427249961453214,-112.35281032080287
5921,539 Post Wl,sold,133053,4,2,1739,33.432586388729554,-112.00105488088724
5922,531 Wall Cir,active,143823,2,2,1867,33.36921370665,-111.96456562738015
5923,65 Bush Cir,active,266565,4,1,2499,33.47568167564172,-112.22438892854703
5924,591 Post Vis,sold,234219,2,1,3899,33.440269346797834,-112.23099028572952
5925,29 Franklin Cir,pending,126714,4,3,2536,33.50626775709002,-112.31611858633153
5926,119 Turk Dv,active,215457,2,2,2301,33.42234249118573,-111.92899548059948
5927,151 Pine Wl,sold,128972,4,2,2311,33.44358919566388,-112.03446262144578
5928,696 California Rd,pending,147574,2,3,1630,33.48901929468808,-112.22832612953849
5929,453 7th Blvd,pending,214909,4,2,2441,33.400860734903475,-112.00270754298195
5930,755 Pine Ave,pending,115666,5,2,2992,33.54079246508051,-111.88714782985998
5931,102 7th Pl,active,225664,3,2,3118,33.38061983523963,-112.09132186063795
5932,152 6th Ave,pending,161925,5,3,3877,33.487935254724434,-111.9114611474707
5933,226 7th Cir,sold,137455,3,1,2807,33.52688475342148,-112.20069698455939
5934,286 Franklin Pl,pending,158538,5,1,2611,33.58715319733039,-112.31360643088414
5935,793 6th Pl,pending,207510,4,1,3563,33.418626681141355,-112.22813767503118
5936,386 Franklin Blvd,sold,127490,3,2,3320,33.390276583970156,-112.31877149999406
5937,238 8th Blvd,sold,200419,5,2,2013,33.37617104136589,-111.8911976269318
5938,74 3rd Way,pending,261760,3,1,1945,33.47603681748498,-112.29666925794963
5939,777 4th Blvd,sold,190296,2,3,3930,33.39444706403576,-111.89695595793965
5940,94 Mission Dv,pending,222686,3,1,2212,33.55380516605867,-111.88458182873434
5941,642 Euclid Blvd,sold,129748,5,1,2120,33.516461707580504,-112.15177540360737
5942,552 Wall Vis,sold,140675,5,1,3190,33.38065076639685,-112.01521430302566
5943,325 Walnut Dv,sold,100079,3,2,3461,33.59198035041545,-112.26945539454603
5944,492 2nd Blvd,sold,278627,2,3,2313,33.470118837289576,-112.33749789692455
5945,272 Bush Blvd,active,271511,3,3,1445,33.362756035658606,-111.93343012518541
5946,163 9th Ave,pending,235034,2,3,3214,33.3629397559558,-112.1265253483929
5947,565 8th Cir,pending,108555,2,1,1886,33.538784136490904,-112.21203502760196
5948,655 California Vis,sold,277979,3,1,2305,33.590550369420775,-112.01265042690896
5949,582 Wall Cir,sold,277764,2,3,2181,33.42324115807538,-111.98680434128543
5950,540 Walnut St,active,252017,5,3,1350,33.52441432664853,-112.14892386091664
5951,241 Turk Ave,sold,134727,4,3,2484,33.39433973673018,-112.2670901927719
5952,700 Wall Blvd,sold,108759,5,1,2588,33.456321323898,-112.1468051980457
5953,787 6th Dv,pending,267310,3,1,1979,33.491071945785585,-112.15616684709263
5954,245 Pine Rd,pending,160275,5,3,2189,33.46750581936441,-112.25926920857931
5955,199 Euclid Trl,sold,101477,5,3,3714,33.53176862125987,-112.13569367168702
5956,515 California Dv,pending,261971,4,2,2946,33.4489518864358,-112.00772444369866
5957,649 Page St,pending,228343,5,1,2940,33.3822213755427,-112.14814043717779
5958,578 5th Ave,sold,178400,2,1,2749,33.561010190600996,-112.09800567558052
5959,94 3rd Dv,active,189168,3,2,3607,33.42117184434975,-112.13187942464066
5960,327 5th St,pending,172491,5,2,2964,33.36171170452357,-112.30493658336002
5961,463 California Wl,pending,133439,5,3,3409,33.40903849494194,-112.2772947704956
5962,302 Pine Ave,pending,206659,5,3,1107,33.4247363136409,-112.03978381943786
5963,308 4th Cir,active,213310,3,3,1796,33.383094338355896,-111.94920188197496
5964,578 8th Wl,sold,153963,3,2,2543,33.5658649606224,-112.24481772941925
5965,517 Euclid Dv,pending,222431,2,3,3248,33.41262564662592,-111.87844831210946
5966,740 9th Way,sold,171484,3,1,1258,33.492777111113526,-111.8918365397851
5967,516 Page St,pending,286997,3,3,2303,33.54019194625652,-111.95384545403878
5968,72 9th Ave,pending,207564,4,3,2400,33.40641486282968,-111.94265060643133
5969,432 Blake Cir,active,270389,5,3,3347,33.51925841362712,-112.26673427280339
5970,600 Walnut Blvd,pending,282099,5,1,3294,33.48322605045088,-112.20975451108971
5971,772 8th Ave,sold,149970,4,2,3094,33.372836507457016,-112.24132585931464
5972,528 9th Pl,sold,244762,4,3,2035,33.58135884831207,-112.29056598595575
5973,734 Page Cir,active,170192,2,3,1773,33.40938934800585,-112.04694995357282
5974,269 Sutter Rd,pending,279589,5,3,2720,33.37796588470757,-112.01871321639925
5975,490 Turk St,active,153756,4,3,1409,33.47197609370624,-112.08073166627175
5976,497 Franklin Blvd,pending,253085,3,1,3024,33.51325284657601,-111.9645749232832
5977,413 9th Blvd,pending,180941,5,1,2212,33.483026900500235,-112.10895065813479
5978,189 5th Vis,sold,139009,2,2,1657,33.564126787043975,-112.27687058801902
5979,316 Page Dv,pending,151881,4,3,3285,33.573305696947095,-111.92464880691588
5980,791 3rd Cir,sold,133291,2,2,1643,33.50195433221837,-112.03615459889387
5981,410 9th Trl,active,197135,2,1,1552,33.438335514673014,-112.27441779375033
5982,455 2nd Vis,active,188679,2,2,1388,33.5653375861311,-111.94690900608477
5983,150 7th Pl,pending,121586,4,2,1607,33.55086376188829,-111.89779781204874
5984,80 7th Blvd,pending,269694,5,3,1954,33.475113347110096,-112.11367259071783
5985,74 Texas Vis,sold,210997,2,2,3725,33.380440445616834,-111.97295350450858
5986,503 Post Trl,sold,248857,3,2,1109,33.45202049305087,-112.03896214624076
5987,675 9th Blvd,sold,275971,3,1,3842,33.53686107559017,-112.3156291325885
5988,286 Euclid Vis,pending,195390,5,2,1249,33.563189957686724,-111.99819282869343
5989,502 8th Wl,sold,261459,4,1,3505,33.45056886659976,-112.04582717122716
5990,249 3rd Ave,active,139013,4,2,2565,33.51902170568701,-112.24102579624271
5991,690 8th Cir,pending,109453,4,2,2629,33.444541129995415,-112.33273618982561
5992,648 Post Rd,sold,135607,4,3,1213,33.43773969340851,-112.27020631150158
5993,443 Bush St,pending,176482,3,3,3816,33.405513515087236,-112.01304547590256
5994,489 1st St,sold,138210,4,1,3111,33.58916550156071,-112.18610155251628
5995,288 Mission Trl,sold,168833,5,3,1371,33.428832991851934,-111.98545676155454
5996,583 9th Cir,active,114823,3,1,3734,33.4511722391914,-112.32345838460004
5997,242 Euclid Trl,active,285542,2,2,3386,33.54942431075748,-112.03597630374392
5998,774 Euclid Trl,pending,207498,5,1,1021,33.45201938484004,-112.0193128788897
5999,283 Sutter Cir,pending,116605,3,3,3215,33.38396936882,-112.00126108456631
