9000,244 Franklin Pl,sold,163044,3,3,2924,33.540896018546164,-112.23993742664193
9001,339 8th Cir,pending,223543,3,1,2209,33.591799294892574,-112.26850249567526
9002,639 8th Rd,pending,273356,4,3,3792,33.48582255247779,-112.12683271680031
9003,536 Blake Cir,pending,270456,4,2,3560,33.361674766560505,-112.26409258258255
9004,363 Sutter Cir,active,105640,2,1,1231,33.45269387101581,-112.26899786626565
9005,629 4th Pl,sold,152219,2,3,3810,33.57777433421757,-111.93627853529323
9006,135 Pine Wl,active,201384,2,1,1015,33.495234448878925,-112.1323822556846
9007,277 8th Trl,active,134971,3,2,1676,33.41842807229562,-112.04429921944532
9008,295 7th Ave,pending,173825,4,1,1101,33.50979758799722,-112.09028792144233
9009,405 4th Vis,pending,164440,3,1,2222,33.438575461785554,-112.20092113959838
9010,710 Geary Ave,active,216003,2,1,1386,33.53841750109794,-112.29366365095532
9011,110 California Blvd,pending,110591,2,1,3237,33.5076279826614,-112.31133132247344
9012,455 California Trl,active,223352,3,1,3568,33.45521225344384,-112.25505164370912
9013,596 Walnut Blvd,pending,106257,4,1,1908,33.40604119312201,-112.05620913723371
9014,316 Franklin Rd,active,218812,3,2,2139,33.4408511516023,-112.00903416025197
9015,752 Mission Ave,sold,152848,4,3,2047,33.54008186304722,-112.12627764668383
9016,417 Blake Wl,active,118336,5,1,2537,33.39122508953304,-112.31560148912895
9017,509 Bush Dv,sold,220952,4,2,3864,33.59396872038382,-112.10149166873254
9018,682 Turk Vis,active,112991,5,3,2182,33.500779250746845,-112.16851458543859
9019,200 8th Cir,pending,292144,2,1,1985,33.371249651743554,-112.03039389922229
9020,63 Page Ave,active,118964,2,2,3700,33.48559087299864,-112.33368673204316
9021,379 4th Ave,pending,280733,2,3,1213,33.56819452506369,-112.03095880837154
9022,110 6th Vis,active,139269,4,1,3498,33.53485926228335,-112.07680454466154
9023,444 Wall St,active,110004,5,1,1305,33.50034312706494,-111.91320177622984
9024,595 Pine Trl,active,120577,3,3,3061,33.370797849222946,-112.19850270094895
9025,467 Euclid Wl,active,280439,4,2,2910,33.56843948826205,-112.18735778438916
9026,738 Wall Rd,sold,229284,2,3,1534,33.44932398637479,-112.11831762606337
9027,654 Geary Dv,sold,109092,3,3,1206,33.373852270416776,-111.91307089578284
9028,157 Franklin Rd,pending,111644,4,1,3673,33.53602941907932,-111.97924919281
9029,660 Indiana Trl,sold,189518,5,3,3823,33.488590472217204,-112.12843319662203
9030,115 1st Way,sold,165820,3,1,3965,33.58972460974164,-111.97026648465808
9031,538 Page Blvd,active,109275,2,1,1502,33.40222534605266,-111.95645164125963
9032,374 Walnut St,active,274662,3,3,2214,33.364205941286365,-111.91019396644998
9033,152 Wall Dv,active,146235,4,1,2382,33.49817964932943,-112.30050095775971
9034,611 5th Way,pending,219885,2,1,2176,33.57243752029358,-112.06704664726239
9035,367 6th Pl,pending,199551,4,3,3722,33.381340751353946,-112.29130869279118
9036,267 Mission Rd,sold,156725,4,3,1791,33.55497434577956,-112.1927431592502
9037,140 Mission Pl,sold,204525,5,3,2722,33.54435399392919,-111.87611394222995
9038,288 Indiana Trl,sold,270451,4,1,1389,33.52801048832792,-112.27591547896346
9039,208 Turk St,pending,216484,3,1,1317,33.39067786245154,-111.93640656458938
9040,237 Mission Rd,pending,188221,4,3,1420,33.54051811046617,-112.2711860060024
9041,24 Franklin Way,active,213321,2,3,1565,33.50324630237917,-111.87432386774582
9042,409 Pine Way,active,112259,3,3,3427,33.49668784711136,-112.28184819246232
9043,195 5th Way,sold,244105,2,1,1443,33.585502605760816,-112.20467398637294
9044,181 Texas Dv,pending,147401,3,3,3919,33.42614801407858,-111.93504139630454
9045,350 Sutter Way,active,105747,5,1,3354,33.540938143270026,-111.95154097994502
9046,642 Sutter Ave,pending,189579,4,1,2248,33.43718084702722,-112.17515543523308
9047,771 5th Ave,sold,146716,4,3,2545,33.44272418726987,-111.90223443066628
9048,85 3rd St,active,164253,3,1,2057,33.412390427562215,-112.09095311790547
9049,471 2nd Dv,active,213509,2,3,3411,33.56369754688648,-112.25128947348966
9050,102 4th Blvd,pending,108814,4,3,1847,33.434275680574025,-111.88842307993637
9051,20 California Cir,active,271783,5,1,2540,33.47745390098725,-112.24216149395166
9052,372 Geary Pl,active,239928,5,2,3233,33.36126685067664,-112.0785981814986
9053,209 California Cir,sold,248771,5,3,3940,33.51810735825772,-111.9774706608171
9054,548 Mission St,active,183534,3,2,2445,33.51778585261708,-112.32578193309384
9055,168 Walnut Dv,sold,257286,2,1,1360,33.57545972487467,-112.20558761090322
9056,580 Euclid Pl,sold,249939,3,2,2488,33.397444270854066,-112.12705080078155
9057,700 Franklin Dv,active,124939,5,3,3684,33.511384518535216,-112.1256592405915
9058,436 Wall St,pending,238733,5,2,3433,33.55199758078663,-111.9323627148905
9059,212 9th Cir,pending,123530,3,1,1326,33.55125550842253,-112.01950083930959
9060,218 7th Way,pending,207501,5,2,2293,33.475173458314465,-112.10197662481433
9061,62 Walnut Pl,pending,280052,2,3,2364,33.45055680642584,-112.352850132805
9062,699 6th Dv,pending,206094,4,2,2619,33.577434992916146,-112.1978238288866
9063,471 Page Vis,active,151074,5,3,3077,33.47750361297644,-112.07872634935077
9064,232 Walnut Wl,sold,216689,5,3,2436,33.566694310635164,-111.95678581381704
9065,582 Texas Blvd,sold,272913,2,1,1357,33.56398821428925,-111.90706777683457
9066,12 4th Cir,pending,212839,5,3,2030,33.37301578694982,-112.04292149482214
9067,262 3rd Way,sold,244409,2,3,3022,33.5189583738984,-111.9873541275234
9068,416 Bush Pl,active,114278,4,3,2971,33.42817427931935,-112.21131618567675
9069,753 Blake Dv,pending,259953,2,1,3022,33.39184785660456,-112.03230235819804
9070,131 Mission Rd,sold,170069,3,2,3238,33.57371818155412,-112.11346847208281
9071,167 1st Rd,sold,270884,4,3,2277,33.40740505495034,-112.34849388695207
9072,12 Turk Rd,sold,142478,3,2,2516,33.443429938293335,-111.96227760609018
9073,400 1st Ave,active,203185,4,1,3765,33.36758644204504,-111.9005286786437
9074,421 4th St,active,102252,2,2,1983,33.49051964035881,-112.21548364907271
9075,240 Texas St,sold,158292,2,1,1659,33.38837835848844,-112.07402418666142
9076,84 8th Pl,sold,261168,2,2,3856,33.53456814553637,-111.9858259246287
9077,500 Turk Vis,sold,125878,5,1,1079,33.55109052112059,-111.92091470036128
9078,401 Pine Dv,active,231101,5,1,2484,33.380166294750516,-112.30199134540828
9079,735 9th Cir,pending,288108,2,3,3633,33.55969162496968,-112.03209332694993
9080,381 Franklin Pl,active,209005,4,1,3935,33.42428235023801,-111.92439916019109
9081,731 Turk Rd,active,293338,2,3,3490,33.48400283808705,-112.0470404998937
9082,615 7th Blvd,sold,129166,3,1,3816,33.575244323854925,-112.18138590740607
9083,317 Blake Dv,pending,120644,4,2,3008,33.52723001572242,-111.99262507235389
9084,446 Sutter Rd,sold,164071,4,1,1721,33.53885815598352,-112.319504002023
9085,69 5th Ave,sold,109880,2,3,3810,33.44945651093077,-112.3145634703728
9086,464 Pine Rd,pending,175410,5,2,2057,33.58414589997699,-111.99230036826569
9087,481 Franklin Trl,active,130117,2,3,1745,33.43468185036217,-112.16188618864788
9088,171 5th Vis,sold,246893,2,1,3388,33.51261514405294,-112.1782967764869
9089,150 Mission Trl,sold,102023,2,3,3737,33.58226102552234,-111.94552377897757
9090,65 Texas Blvd,sold,187572,3,3,3445,33.374739860380146,-112.00040055567824
9091,592 Turk Cir,sold,277599,5,2,1882,33.55472824165917,-111.9575559148874
9092,343 Turk Dv,pending,160782,2,3,1981,33.36438032163194,-112.21422179404468
9093,139 7th Ave,pending,170530,2,3,1654,33.39738091982587,-112.14352149754033
9094,108 5th Pl,sold,197412,3,1,3161,33.47831480462919,-111.93934752545651
9095,451 5th Vis,sold,128286,5,1,3476,33.5829153406886,-112.31093675095657
9096,46 Texas Cir,active,192559,2,2,2930,33.416779438183625,-112.03567145870241
9097,58 3rd Rd,sold,252624,4,1,1961,33.47811937872486,-112.17947181197584
9098,214 Bush Wl,pending,164886,5,1,2508,33.496831550928334,-112.01109165037153
9099,249 Franklin Wl,sold,139406,3,1,2405,33.54720534928158,-112.14050609045967
9100,77 Indiana St,sold,236598,3,3,2310,33.448597412680186,-112.0771393024841
9101,430 6th Trl,pending,139929,5,3,1113,33.39561511166858,-112.25371860782514
9102,240 Mission Cir,active,173110,4,3,1566,33.531293326000615,-112.12723866160961
9103,619 Euclid St,active,196388,5,2,1406,33.54723580751258,-112.31831551088536
9104,229 Euclid Dv,sold,103850,4,3,2883,33.45381575980464,-111.93782821342805
9105,313 4th Vis,active,156101,4,3,2387,33.566870885755755,-112.21885237772156
9106,383 3rd Dv,pending,290541,4,3,1750,33.36783011864528,-112.14315432160294
9107,450 Post Wl,sold,162219,2,2,2397,33.52675039675658,-112.31932236957137
9108,741 Bush Vis,sold,223144,5,3,1303,33.483941966806945,-112.14764549549221
9109,663 Pine Wl,active,295694,3,3,1030,33.555814167653885,-112.18008178305483
9110,760 Page Cir,sold,109395,3,2,1949,33.46025164302945,-112.2944108173291
9111,361 2nd Rd,sold,101103,5,1,3728,33.54814935349406,-112.10297141576741
9112,306 Franklin Rd,sold,192123,5,3,3669,33.45657504034524,-112.1927674039203
9113,347 Bush Ave,active,174902,4,1,2844,33.51630089174183,-112.02451340821275
9114,719 California Rd,pending,246094,4,2,1218,33.393028653608894,-112.02343122573572
9115,751 California Way,active,247346,2,3,1317,33.39267876666636,-111.89414656749102
9116,485 4th Ave,pending,240859,5,1,1447,33.57479001565738,-112.14791799149772
9117,657 Euclid Rd,pending,147619,3,3,1319,33.55206775918637,-112.2983470758517
9118,743 Indiana Wl,pending,251199,5,1,1127,33.568513335377276,-112.2332891338328
9119,726 Post Trl,active,103985,2,1,2288,33.473384848368724,-112.0669393707197
9120,409 California Vis,active,185960,2,3,3655,33.484986260108634,-112.25555205307371
9121,317 Euclid Cir,pending,293160,4,1,3088,33.509377959743965,-112.05636044063769
9122,415 California Pl,active,102050,2,1,1848,33.465225619773726,-112.3230346345727
9123,653 2nd St,sold,243881,3,1,3254,33.513969709717045,-112.33254010304795
9124,246 1st Ave,active,146745,2,3,2919,33.38023275387204,-112.03127237292992
9125,339 Franklin Ave,sold,264379,5,2,3943,33.490175937719506,-111.95986344172971
9126,223 1st Way,sold,125468,2,2,3425,33.38632112605642,-112.16403131021352
9127,346 Euclid Wl,pending,188966,2,1,1001,33.459173996424,-111.92490665931375
9128,373 Indiana Cir,sold,236556,2,2,1150,33.39884212293178,-112.09110810802335
9129,187 7th Trl,pending,162083,3,1,3907,33.56099289670463,-112.3598601042144
9130,713 5th Trl,sold,295684,2,2,2639,33.53194180823814,-111.99884679700696
9131,333 2nd Wl,pending,195641,3,3,2027,33.50864225936138,-112.21492844132159
9132,277 Texas Pl,pending,238584,3,1,3262,33.45037334187241,-111.99435077397183
9133,30 Texas Vis,pending,291522,4,1,2824,33.48709247087553,-112.28830940324484
9134,253 Pine Wl,pending,119041,5,3,1995,33.56747092424027,-112.15383822789471
9135,782 Page Way,active,141523,3,2,1371,33.400995917733574,-112.00520612009468
9136,141 6th Blvd,active,265276,2,2,1662,33.42711928539637,-112.28527018159039
9137,546 2nd Wl,sold,261531,3,2,3953,33.54284286007031,-111.90731678971763
9138,546 Turk Dv,sold,209887,3,3,2115,33.525501669129454,-112.28556343471693
9139,457 Sutter St,pending,283875,2,3,3667,33.57518257920405,-112.10681270816293
9140,598 Turk St,pending,289383,3,1,2915,33.37303491485302,-112.00668535727208
9141,389 3rd Trl,active,268659,4,2,2094,33.429645673900545,-112.07156156053726
9142,485 7th Rd,active,176877,5,2,1989,33.38081905317635,-112.267223056351
9143,259 Turk Wl,sold,262074,4,2,1180,33.54324038590798,-112.14350946416079
9144,168 California Ave,active,249946,2,1,2269,33.36259043702173,-111.95628753654944
9145,751 Mission Pl,sold,190828,5,3,2458,33.527157953090395,-112.13941404235317
9146,264 Geary Way,active,214407,5,3,1432,33.51433213244596,-112.15630459695933
9147,749 9th Vis,active,222128,3,3,2566,33.38893267417297,-111.9137335643746
9148,297 Mission Way,active,155064,5,3,3436,33.483955266638084,-111.90785135014073
9149,420 Post Dv,sold,252997,3,2,3636,33.500776600304384,-111.98976794800701
9150,288 3rd Rd,sold,272695,3,2,3928,33.39553166209038,-112.25145250546896
9151,624 Walnut Blvd,sold,284144,3,2,3470,33.401168272719694,-112.0460316789163
9152,660 7th Pl,pending,174016,2,2,3550,33.38620334707934,-112.03952780258346
9153,380 7th Trl,pending,195284,3,1,3901,33.498520503818916,-111.93278494110261
9154,308 Blake Blvd,sold,258905,4,2,2722,33.56449212056588,-112.24028667725749
9155,221 8th Vis,sold,242348,4,1,3459,33.47511520762831,-112.11037807484882
9156,379 Texas Trl,pending,268285,2,3,1621,33.50410258436085,-112.28943325134722
9157,417 1st Trl,active,288904,5,2,2644,33.512672233568814,-112.20726019453953
9158,661 Mission Ave,pending,170501,3,1,3361,33.412742709553655,-112.30250524751628
9159,711 Post Ave,active,252692,4,3,3044,33.537335874706216,-111.88916015806488
9160,762 Walnut Cir,pending,287552,2,3,2868,33.50441151909883,-112.20335221462079
9161,97 Page Rd,active,139897,5,2,3506,33.43497068901081,-112.15886806081645
9162,764 Texas Vis,sold,262770,2,3,1218,33.555869822815595,-112.35144882643246
9163,430 3rd St,sold,151632,5,2,1734,33.45481934217985,-112.3074193803289
9164,610 Indiana Rd,sold,270890,5,3,1007,33.47657431544324,-112.14477331090009
9165,283 Walnut Way,sold,226065,3,1,2181,33.44216619185408,-112.13269440997114
9166,13 Euclid Dv,active,245137,5,2,1547,33.39580634662951,-112.0917613305864
9167,24 Texas Trl,sold,126923,4,1,1812,33.43755518839926,-112.25269845929851
9168,726 3rd Trl,active,135498,3,1,3930,33.42946945308086,-112.00051105109928
9169,625 Post Trl,pending,106850,3,2,3167,33.58261140988887,-112.04984620646002
9170,773 6th Pl,active,114626,3,2,1258,33.54637593179997,-112.26181511263614
9171,728 4th Rd,active,122790,2,3,1301,33.362823391632915,-112.2924304635603
9172,745 Bush St,active,100201,2,1,3900,33.453052573955645,-112.17373199212476
9173,795 Walnut Vis,pending,132654,4,1,1780,33.47393729375867,-112.10366504733757
9174,10 Pine St,sold,227664,4,3,2054,33.4768245721574,-112.33071974305346
9175,579 Turk Way,active,297995,3,3,2379,33.3847324135474,-111.9060261042601
9176,468 2nd Wl,sold,197272,3,3,3028,33.555313824143006,-112.26298669295117
9177,190 2nd Way,sold,196731,2,2,3831,33.45987686272976,-111.94214225424658
9178,46 Bush Ave,active,163685,4,1,2783,33.446839216504465,-112.16967512324554
9179,118 Mission Ave,active,177947,4,3,3403,33.49690212543779,-112.01137683349164
9180,406 9th Way,pending,205835,3,1,1375,33.42522229537664,-112.34779821798186
9181,573 Pine Rd,active,149510,5,1,3744,33.4143680044784,-112.25355615116943
9182,363 5th St,active,157606,5,1,1219,33.48942507688096,-112.08801057210073
9183,566 Post Ave,active,166210,3,2,3524,33.41614417787558,-111.90965771310877
9184,491 7th Wl,active,251642,3,1,1447,33.47976997473017,-112.08973581601742
9185,729 7th St,sold,287676,4,2,2829,33.408330687737,-111.92787626103862
9186,487 8th Dv,pending,161314,3,2,3579,33.47611621292234,-112.19455821425193
9187,129 Blake Dv,sold,100155,3,2,2104,33.572115223626824,-112.01247556639882
9188,695 Pine St,sold,220928,3,1,2739,33.39918991244055,-111.9063330611741
9189,157 9th Wl,pending,200375,3,3,1452,33.38810035753666,-112.06305536145537
9190,268 3rd Ave,pending,293891,3,1,2649,33.36660464341369,-112.07837835969346
9191,270 Sutter Ave,active,293248,3,2,2657,33.43038950204141,-111.90235982035092
9192,692 Pine Trl,pending,156433,2,1,3122,33.58996231932031,-111.94049471235903
9193,319 5th Blvd,sold,194998,3,1,3104,33.520231438072834,-112.32195436427565
9194,674 California Dv,active,203844,2,1,3676,33.41230889579539,-112.05793916532328
9195,341 Turk Trl,active,151365,5,2,1725,33.37606045070548,-112.32749924883117
9196,594 Sutter Blvd,active,192316,3,2,3341,33.38622872513203,-112.11667710431838
9197,365 Mission St,pending,152264,4,1,2818,33.505471456642915,-112.1370875242994
9198,601 6th Pl,pending,178001,4,2,2155,33.447601699685904,-112.08710735754505
9199,491 Post Dv,sold,108103,2,2,2067,33.45004313621881,-112.10332462804915
9200,730 7th St,sold,238983,3,3,2192,33.589554343275104,-112.32499871002942
9201,560 9th Pl,active,108586,5,3,2567,33.48522176224703,-111.94759608828949
9202,417 Page Trl,pending,279545,4,1,1619,33.39408477968107,-112.1256718182206
9203,118 California Blvd,active,297564,5,3,3043,33.48492311459231,-112.29869259989397
9204,219 7th Vis,pending,174237,4,3,1835,33.44254174926887,-112.02948585277899
9205,348 4th St,pending,125826,3,3,1912,33.48951172247345,-112.16770013827977
9206,355 6th Vis,sold,156886,3,1,1535,33.37331523772685,-112.12845233602307
9207,699 Mission Blvd,pending,124042,4,2,3283,33.56961510717126,-112.2763263784635
9208,378 Walnut St,active,102767,5,3,3859,33.56654274106756,-111.87499957071725
9209,687 Post Trl,sold,253391,4,2,2366,33.44455366488242,-112.02825569863039
9210,237 Geary Pl,active,142231,4,3,1005,33.389316731558246,-112.14924349500389
9211,634 Bush Way,pending,195679,4,2,2139,33.41840797789903,-112.19556313785958
9212,142 Indiana Dv,active,166047,4,1,2351,33.41830120509756,-111.97463453241926
9213,508 Post St,pending,259438,3,3,2194,33.43287112877933,-112.26825131900974
9214,32 Page Rd,pending,109528,5,1,1332,33.57528058369637,-112.03004930572365
9215,346 7th Way,pending,299856,4,3,3450,33.53411048597583,-112.23062345407087
9216,586 Euclid Pl,sold,288564,2,1,1921,33.39573322132462,-111.87602132257301
9217,526 Wall Way,sold,277809,5,2,2598,33.47260996513158,-111.88458923135848
9218,574 Texas Way,active,212906,4,2,3702,33.48228126613623,-112.12722118856145
9219,532 3rd Ave,pending,166536,3,2,3257,33.48924640150063,-112.11696670484251
9220,528 6th Ave,active,178165,5,2,2489,33.48505962622458,-112.2512655726704
9221,236 2nd Blvd,pending,147180,5,1,2616,33.445297578673504,-112.35301086433923
9222,749 4th Way,active,284146,5,2,1422,33.4439489213188,-111.96144020064571
9223,301 Post Rd,sold,284583,4,2,3353,33.50073644225664,-111.97610833962499
9224,409 Page Cir,sold,111803,5,2,3966,33.39188839525116,-112.20981582785963
9225,249 7th Blvd,sold,161268,3,2,3792,33.499276899340906,-112.30085216454094
9226,367 5th Ave,pending,110126,5,1,2044,33.59295345162505,-112.102534978171
9227,615 1st Trl,sold,298535,5,2,1950,33.453319295665956,-112.31989745417162
9228,224 Wall Vis,sold,121342,5,1,2978,33.4082879137405,-112.34098743088524
9229,590 2nd Dv,active,138038,3,1,2021,33.52417245938502,-112.27500211272984
9230,440 2nd Ave,pending,251774,5,3,3752,33.428269207065654,-112.1802990151797
9231,719 5th Ave,sold,231842,3,2,3643,33.53550931608479,-112.17109396063607
9232,288 Sutter Pl,sold,282650,2,2,1604,33.49229470807062,-112.18208044522358
9233,314 Geary Rd,pending,245837,2,3,2611,33.52168881359879,-112.29632626742487
9234,233 5th Rd,active,272204,3,1,2003,33.52582404828325,-112.28070913734341
9235,650 9th Way,sold,285183,5,3,2459,33.39348284578554,-112.07146547900277
9236,397 Pine Blvd,pending,159279,3,3,3210,33.42839631812333,-112.11437065766799
9237,342 Texas Rd,pending,118013,4,3,1242,33.447024231963354,-112.10693273641766
9238,501 2nd Cir,pending,224763,5,3,2235,33.45068171886581,-111.93902664793568
9239,378 Mission Blvd,sold,298094,3,3,2759,33.522694786126735,-111.89149580849603
9240,540 6th Dv,active,196181,5,3,2042,33.38246319493032,-111.87301501294357
9241,746 5th Pl,active,168487,5,3,2783,33.527282189381786,-112.30811673415965
9242,683 Walnut Trl,sold,290174,3,3,2044,33.38675795066792,-112.07733424821443
9243,702 Texas Ave,sold,254843,3,1,2855,33.47827733427653,-112.29746447142007
9244,321 Wall Way,sold,117859,3,2,3415,33.45558692554612,-112.23500276738285
9245,775 Turk Blvd,sold,151810,2,1,1944,33.56643665340869,-112.34854612195589
9246,36 California Dv,active,223707,4,3,1374,33.587719065605825,-111.90521685233523
9247,327 Mission St,active,263694,2,1,2694,33.36952327384936,-111.99270786176717
9248,762 Sutter Pl,active,116529,4,1,3860,33.39784518298472,-112.2956326989785
9249,61 6th Way,pending,108989,5,1,2533,33.438071675923126,-112.30075417310304
9250,249 Euclid Vis,pending,276267,2,1,2919,33.58831697449005,-112.1284983569048
9251,677 4th Cir,pending,163384,3,1,1909,33.512355655696766,-112.12582107103191
9252,576 4th Vis,sold,216148,5,2,2551,33.39753185982925,-112.31332417771637
9253,331 Blake Dv,sold,139829,2,2,3658,33.36724489546987,-111.92048241989589
9254,45 2nd Vis,sold,121661,2,2,1058,33.4803695122978,-111.98772872395196
9255,51 2nd Cir,active,299347,4,1,3250,33.42667597179202,-112.02336036041238
9256,490 Indiana Wl,sold,284238,3,2,2933,33.37085020913375,-112.19401508906685
9257,13 Franklin Cir,pending,151120,3,2,3989,33.563417456426926,-112.33082398401783
9258,694 6th Blvd,active,117825,4,1,1802,33.36712604944355,-111.99977495995297
9259,583 Wall Blvd,sold,299540,2,1,1695,33.51962656074242,-111.87337620266328
9260,754 6th Rd,pending,291738,2,3,2687,33.36227993503892,-112.18379615919183
9261,358 Post Cir,active,119454,5,1,1625,33.39322032572172,-111.92793543604513
9262,42 3rd Rd,sold,265671,5,3,1095,33.506897328157144,-112.1515467911125
9263,271 Sutter Dv,pending,116921,5,1,2678,33.465240054333016,-111.95956278894235
9264,632 Wall Way,pending,267258,2,1,3659,33.38848379293724,-112.35717532019368
9265,716 3rd Ave,pending,100406,4,2,3656,33.46573762585188,-112.03477978818236
9266,596 2nd Vis,sold,183309,2,1,2147,33.48709502612221,-111.92697353822847
9267,523 Mission Cir,sold,290360,5,1,1605,33.57164067117594,-112.08839342502131
9268,788 8th Pl,sold,236845,3,3,1857,33.49978859137494,-111.9957301008934
9269,487 2nd Trl,sold,119504,4,2,1095,33.58197955561043,-111.94462003195429
9270,616 Texas Way,pending,234909,4,3,1118,33.47284590098292,-112.18209454723862
9271,195 2nd Dv,sold,113573,3,1,1968,33.568369237700736,-111.9310878077457
9272,702 Texas Trl,active,211498,4,2,1036,33.44763500543321,-111.94235029477133
9273,710 Pine Cir,active,214044,4,2,2179,33.36749630136955,-112.13595043670853
9274,299 9th Blvd,sold,231357,5,2,2738,33.53713469851016,-112.33152699947654
9275,410 Franklin Vis,sold,216150,3,1,2158,33.479510747091176,-112.0005819235928
9276,544 1st Wl,pending,290211,5,2,2112,33.51352862593148,-112.17892467674622
9277,481 Page St,pending,228327,3,2,1594,33.56209427295155,-112.28657849935136
9278,139 Euclid Cir,active,219136,4,3,3308,33.36673985582366,-112.0854571427796
9279,307 Page Vis,active,102380,5,2,1891,33.55982511244185,-111.93879286226053
9280,670 Walnut Way,active,188828,3,2,1360,33.569845722564224,-111.91461748494446
9281,11 Blake Dv,pending,113801,4,3,1029,33.40467295564621,-112.30948482769965
9282,659 Franklin Dv,sold,175249,5,1,1997,33.48213200650047,-112.3182525243887
9283,595 Page Wl,pending,182212,4,3,1753,33.45190850952226,-112.09438575121517
9284,668 Texas Way,sold,150892,3,3,3614,33.47182396151818,-112.353488687568
9285,561 Geary Trl,active,239385,4,3,2908,33.492736231297755,-112.03776148198659
9286,683 Geary Dv,pending,235402,4,3,2903,33.475740187439534,-112.14828322865374
9287,580 3rd Ave,active,112731,2,1,3930,33.47234388235739,-112.12555271595613
9288,418 Sutter Way,sold,263754,3,1,2781,33.47935819092654,-111.9268180601944
9289,385 Geary Cir,pending,202619,3,3,1728,33.40761578467463,-112.34947596599959
9290,643 8th Way,pending,298181,2,3,2114,33.54267161873712,-112.27738964513091
9291,11 9th Rd,active,119073,4,3,3666,33.54499353472447,-111.97964037663114
9292,482 Wall Trl,sold,295783,4,2,2593,33.590267484046045,-112.35071442904153
9293,482 Bush Pl,sold,261297,2,2,1262,33.39497682037635,-112.19055243215911
9294,251 Indiana Blvd,sold,130324,5,3,3652,33.49320360000649,-112.1608460231817
9295,477 California Blvd,pending,267158,3,3,2106,33.46204564254356,-111.88421562915539
9296,527 Page Blvd,pending,109309,2,1,2392,33.38496500181289,-112.21616000372602
9297,377 3rd Dv,pending,180718,3,3,2476,33.51462694969015,-112.04568527940332
9298,489 Turk Vis,active,108173,3,2,1196,33.497052559652836,-112.03499543423692
9299,633 Mission St,pending,135729,2,3,1279,33.49968058982465,-112.08083406736814
9300,743 Euclid Trl,pending,221986,2,2,2898,33.48007272898558,-112.00289066797932
9301,691 Indiana Cir,sold,236646,5,3,3788,33.44923778606785,-112.02889892785703
9302,532 Mission Way,pending,204750,5,1,2776,33.537875021299214,-112.14762571138434
9303,565 Franklin Rd,sold,283820,2,1,3385,33.432331083762904,-112.10099291398922
9304,599 Sutter Blvd,sold,216574,3,1,2977,33.572256507822765,-112.04815779852473
9305,248 Texas Cir,sold,142985,3,1,2952,33.480043261252064,-112.01234322689555
9306,452 Bush Pl,pending,281005,2,1,1590,33.51573905704878,-112.19881419168078
9307,427 4th Trl,sold,125145,3,1,2517,33.37930063931508,-111.90290488085869
9308,260 Pine Trl,sold,152603,2,3,1182,33.570096901427114,-112.32894160291399
9309,356 Mission Cir,sold,123129,4,1,3884,33.53681617669826,-111.88790054987864
9310,189 Euclid Trl,active,157285,4,2,3372,33.58883694686852,-111.95191971770814
9311,441 Euclid Blvd,sold,195827,3,1,3528,33.50606449019799,-112.17096191249598
9312,751 8th Rd,active,132195,2,2,2736,33.525746703757896,-112.04937717825507
9313,369 Euclid Way,sold,265898,2,2,1988,33.40751481707998,-111.94602372388928
9314,128 Pine Rd,sold,242259,4,2,3831,33.587250698105635,-112.06105003384349
9315,689 Blake Rd,pending,147455,2,2,1108,33.4116353353071,-111.95403521931198
9316,458 California Wl,active,126213,5,2,3105,33.44048975582317,-112.10140631049816
9317,343 Wall Wl,pending,233019,5,1,1397,33.4225835288869,-111.88389554779658
9318,607 8th Way,active,125402,2,1,2976,33.52287472243961,-111.97118516940817
9319,617 Blake Cir,sold,131819,5,3,1937,33.48731940164896,-112.23559770334224
9320,112 Geary Way,pending,270575,4,2,1484,33.419628946464336,-111.89169393134888
9321,566 California St,pending,104550,2,3,1508,33.57591549102275,-112.249427720636
9322,359 Walnut Pl,sold,194294,4,1,1527,33.46540373366881,-111.90660527609985
9323,260 Page Rd,active,125171,2,1,2654,33.561727756420794,-112.13043268799254
9324,458 Pine Cir,active,278227,3,1,1317,33.435977717181366,-112.00740992366464
9325,765 Mission Pl,active,176743,2,1,1169,33.565015238220795,-112.31694671374247
9326,283 Sutter Cir,pending,237232,2,1,1521,33.541212153543256,-112.28902196273809
9327,164 Blake Ave,active,111745,4,1,2387,33.58780079003904,-111.98310131950237
9328,270 Post Ave,pending,177839,2,1,1096,33.51364569470235,-112.2232258674605
9329,124 Pine Rd,pending,294242,2,3,2262,33.39049132742513,-112.18804350522996
9330,80 Geary Rd,active,244271,5,1,2031,33.55463364868064,-112.24993266655864
9331,281 1st Trl,active,266767,4,2,3021,33.5253822128119,-111.90749685561636
9332,318 2nd Pl,active,227590,3,3,1641,33.57771066415492,-112.33507921365492
9333,575 Post Ave,active,213813,5,1,2632,33.485140703704154,-112.3297325197118
9334,547 4th Pl,sold,117620,5,1,3978,33.59365096005042,-112.11540664123844
9335,677 4th St,active,133906,4,3,2359,33.52473863763005,-111.96022708589854
9336,661 Bush Wl,sold,202707,2,1,3581,33.38551767891258,-112.19477648511297
9337,675 Turk Blvd,pending,273317,4,3,1598,33.393211165218574,-112.23844339388282
9338,386 Indiana Wl,pending,177531,4,1,3332,33.56724468238874,-112.29846547877284
9339,653 Euclid Cir,active,189925,3,2,1673,33.46979961835678,-112.16603202898435
9340,751 2nd Trl,active,129974,3,3,2685,33.39550127998086,-112.00235287238452
9341,552 Walnut Pl,sold,122724,5,3,1996,33.36876415983755,-112.35495288691313
9342,201 2nd St,sold,148626,5,2,2767,33.43342515159359,-112.01270640397644
9343,692 9th St,sold,100549,5,2,2069,33.574661182889685,-112.21188650557262
9344,676 Mission Cir,active,102671,5,3,1834,33.517822973056404,-111.94901330685167
9345,713 Post Vis,sold,207587,4,1,1001,33.38734297160727,-112.3569150108281
9346,142 Euclid Wl,sold,228286,5,1,3748,33.58033825794319,-112.20836052329365
9347,92 6th Wl,pending,298767,2,2,2438,33.49696875410634,-112.17823291613342
9348,373 4th Blvd,sold,136922,4,2,3787,33.58774159437632,-112.32851744574116
9349,294 1st Rd,sold,188705,3,3,2844,33.521016991781714,-112.14538093069405
9350,474 Sutter Wl,pending,107960,3,3,3574,33.47856973931924,-112.01788701851302
9351,562 3rd Pl,sold,207506,4,2,3751,33.563114598715984,-112.05960735859274
9352,332 Wall Trl,sold,118337,3,3,3902,33.46287982990754,-112.15764364862304
9353,484 Sutter Wl,pending,229026,3,2,3606,33.45795714092507,-112.1021532390962
9354,577 4th Pl,sold,280672,5,3,1312,33.549056243434606,-112.1510526878655
9355,800 Franklin Blvd,pending,295200,5,3,3648,33.37767716345187,-111.8733104611062
9356,289 3rd Way,pending,274757,3,1,1650,33.47588684830214,-111.97048303288909
9357,408 2nd Vis,active,256301,4,1,3940,33.36096716274842,-111.91091186804375
9358,132 Geary Wl,pending,185969,5,1,1326,33.50752512377496,-112.20661432278699
9359,531 4th Wl,pending,168959,2,2,1854,33.53727256499204,-111.9111753666361
9360,331 8th Rd,sold,277278,3,1,2732,33.467194457009036,-111.99630751485198
9361,792 4th Wl,pending,200518,4,3,1279,33.56631667127443,-112.11018983753347
9362,749 Euclid Wl,sold,231946,4,2,3346,33.48345486863625,-112.1283503355489
9363,317 Euclid St,sold,214297,2,3,2868,33.40655925516426,-111.98067844182366
9364,139 Indiana Cir,active,142057,5,2,2444,33.58965455714402,-112.27072889932388
9365,698 4th Ave,active,213646,5,3,3779,33.367500018315795,-111.93673665856916
9366,545 Blake Vis,pending,226609,3,3,3669,33.57391851717289,-112.20375826661244
9367,604 4th St,sold,225340,2,1,3447,33.49874629642062,-112.29427714787286
9368,397 5th Ave,pending,176351,5,1,2752,33.577158096043966,-112.1278155229239
9369,474 Franklin Rd,sold,225394,2,3,3593,33.589055108130545,-111.91319412115966
9370,310 Wall Wl,sold,274311,2,3,3519,33.36792325441714,-112.05521139805653
9371,529 Page Ave,active,186038,4,1,3412,33.370323873280704,-111.97765547537537
9372,332 Bush Pl,active,209146,3,2,3045,33.38812128376387,-112.35830839917114
9373,287 Geary Wl,pending,108320,5,3,3432,33.40788271137598,-112.1862526436366
9374,467 Post Rd,active,227221,5,1,1594,33.36159379225839,-111.93297408402346
9375,322 Page Vis,active,192481,2,2,2069,33.49114055185295,-112.23865165703943
9376,331 Geary Dv,active,189217,3,1,3622,33.36969788398268,-111.97761636473575
9377,305 9th Vis,sold,128697,4,1,3804,33.47379639830381,-112.0712954518566
9378,690 9th Blvd,active,190075,2,1,2067,33.48386277586961,-112.19620584808659
9379,702 3rd Rd,pending,180385,4,2,1961,33.50653622167566,-112.07025585003854
9380,154 California Way,pending,287525,3,3,2972,33.59397761368075,-112.01658146687923
9381,258 California Ave,pending,240871,3,3,1033,33.447888363214,-112.08505215446958
9382,118 Wall Vis,sold,151728,5,1,2846,33.39157221880178,-112.1371014295696
9383,382 Franklin Trl,sold,108752,5,1,3042,33.400678568162,-111.94479535687364
9384,282 Sutter Trl,pending,250451,3,3,1789,33.50383811893487,-112.23399852600133
9385,628 7th Cir,pending,289572,3,2,2987,33.43379691423688,-111.9537925697071
9386,20 Post Ave,pending,207382,2,1,2241,33.58868090521604,-112.03439429878551
9387,61 Walnut Trl,sold,246953,5,3,2692,33.425296084960095,-111.88008082767266
9388,131 8th Ave,pending,144817,4,2,3617,33.37596498133204,-112.11828053282883
9389,609 Franklin Rd,active,124980,4,3,2968,33.38195850080568,-112.30890455444036
9390,173 Post Vis,active,142911,5,1,1827,33.539891996339094,-112.14197450114905
9391,657 Sutter Cir,sold,114632,2,2,2247,33.401164136257755,-112.14704040878635
9392,496 California Way,pending,213565,2,2,1512,33.53466155457283,-112.0472530332313
9393,709 Mission Rd,active,190863,4,2,3930,33.489505221712996,-111.92942983271557
9394,757 Texas St,pending,281213,5,1,3442,33.512950395316416,-111.99922917310805
9395,718 Texas Dv,sold,224606,5,3,1348,33.5678928008876,-112.05478229705525
9396,330 9th St,sold,254091,3,1,2466,33.38740686674698,-112.29882211151534
9397,242 3rd Ave,active,181528,5,3,2453,33.50846216388538,-112.09572726897346
9398,317 7th St,sold,108819,4,3,1571,33.46205565202257,-112.03456452069035
9399,616 Indiana Vis,pending,102277,4,3,1529,33.38896127366967,-112.31867669808307
9400,597 Turk Trl,sold,161159,4,3,1314,33.38539482226946,-111.99229788042472
9401,427 9th Rd,pending,249678,3,2,3308,33.57988151693472,-111.90320464625502
9402,658 Page Wl,pending,174628,3,1,3883,33.566648408881385,-111.9791530272924
9403,664 California St,active,146868,4,1,1225,33.46634467798343,-112.11455559709158
9404,180 Blake St,pending,128440,4,2,1899,33.46762128680952,-111.98694904790055
9405,645 8th Way,active,134286,3,1,3122,33.36941675573831,-112.21197754589896
9406,373 Post Blvd,active,221013,4,3,1253,33.56175976837039,-112.06275238777548
9407,720 Walnut Cir,active,153351,4,2,2912,33.5421550782546,-111.91071702713906
9408,472 Blake Trl,active,145017,3,3,3122,33.56297575230642,-112.17892911518864
9409,125 Euclid Pl,sold,281253,4,3,3620,33.560623141541214,-111.9371645441699
9410,63 Indiana Rd,pending,212489,4,2,2430,33.47421721475918,-112.02576323783859
9411,725 4th St,pending,123682,3,1,1456,33.555652222108804,-112.21000289445884
9412,330 Mission St,active,218956,5,1,2156,33.46481216023512,-111.94418608257998
9413,204 Geary Blvd,sold,261632,2,3,2083,33.42114757487218,-112.27018062540897
9414,741 Sutter Cir,sold,103301,5,1,1419,33.4552222139605,-111.89595489351211
9415,479 7th Pl,active,121971,4,3,1450,33.41790662217734,-112.03628080605681
9416,76 8th Blvd,sold,227392,3,3,3100,33.513947626873396,-112.08708496472607
9417,81 7th Rd,active,167083,4,3,1885,33.402706427932735,-112.32648858383271
9418,126 Texas Blvd,active,157796,3,1,3507,33.53241722028457,-112.11059426831929
9419,582 Wall Way,pending,194136,2,3,3021,33.38080739410904,-112.33185562014226
9420,141 Indiana Vis,active,127151,5,3,2320,33.558537203772204,-111.98754934917488
9421,316 Euclid Dv,active,112894,4,3,1690,33.46585061214759,-112.07851634853284
9422,629 California Wl,sold,232476,5,1,1494,33.56803881778213,-111.95607067301238
9423,773 8th St,pending,109870,2,3,2038,33.46686990580907,-112.00163295069521
9424,242 California Ave,active,287317,3,1,1494,33.567674998222515,-112.14218061608142
9425,632 Pine Wl,sold,262181,3,3,2619,33.45786446763012,-112.0394276657386
9426,167 Mission Trl,pending,214789,5,3,1298,33.412997137752605,-112.0532337042826
9427,301 Wall Dv,pending,257697,4,1,2305,33.49493773643393,-112.04855882951306
9428,337 California Cir,pending,152627,2,1,1035,33.51931204963571,-112.27813931326689
9429,745 Bush Ave,sold,209171,2,1,3457,33.408039229081496,-112.10875234570116
9430,654 3rd Ave,active,119520,5,3,3533,33.36627983804923,-112.13583284815753
9431,433 Pine Ave,sold,198360,2,1,2612,33.50006067619832,-112.15808074117739
9432,335 Post Wl,pending,253739,3,3,2700,33.43409551974409,-112.06713559460862
9433,604 2nd Rd,pending,215167,2,2,1642,33.550696087629625,-112.24561500323408
9434,270 5th Wl,active,262524,4,3,3513,33.371905065729074,-112.27797079899872
9435,170 6th Way,active,103607,2,2,1151,33.36157255205326,-111.98005075922639
9436,653 Page Dv,sold,298366,4,1,1732,33.508633469044526,-112.22988734466247
9437,460 5th Way,pending,173379,3,2,1738,33.52344694805874,-112.33178126835114
9438,770 Franklin Way,pending,139454,2,3,3793,33.51708725231206,-112.04274611680991
9439,382 Pine Dv,active,297159,4,2,3989,33.53208339270386,-111.98688419634836
9440,287 Pine Blvd,pending,292461,4,2,1601,33.4842082229456,-111.96074103785769
9441,191 Wall Dv,sold,135646,2,3,2181,33.50172478428497,-111.99006300724004
9442,678 7th Dv,sold,114958,4,1,2982,33.40910432042953,-112.3247612550914
9443,231 California Vis,active,140559,4,3,1428,33.493389651103485,-112.0965343899941
9444,54 Wall Pl,active,279877,5,1,2987,33.58647278454834,-112.11468142310196
9445,524 3rd Vis,active,137386,4,1,2740,33.56489407037707,-112.25998886250228
9446,101 4th Ave,active,212771,2,2,2949,33.45067250163378,-111.99476136937095
9447,638 Texas St,sold,299193,5,1,3978,33.4256739065858,-111.96271924390385
9448,31 2nd Vis,sold,267470,5,1,3387,33.46155139320245,-112.1813884644716
9449,200 California Pl,sold,269022,4,3,3561,33.42487285608408,-112.04880890091326
9450,486 Post Pl,active,152740,5,2,3785,33.42174237452797,-112.06403996605017
9451,420 Mission Wl,sold,151844,3,1,1097,33.56353552360025,-112.06168280028245
9452,388 Indiana Pl,sold,299162,5,1,2892,33.48836692869147,-112.11977678985735
9453,489 Mission Rd,sold,289728,4,3,2044,33.44428284087094,-112.34697856564073
9454,261 5th Ave,sold,149061,5,1,1411,33.580902587141544,-111.91826007303666
9455,370 2nd Cir,sold,286830,4,1,2487,33.40515094600004,-112.1615477374136
9456,724 1st Pl,pending,210904,5,3,3311,33.46543106654225,-112.3365838344819
9457,685 Walnut Wl,pending,176536,5,1,3122,33.572115196145965,-111.95321819193875
9458,485 Blake Dv,pending,231316,5,3,2361,33.46442758884546,-112.1171568927587
9459,692 Wall Wl,sold,245172,2,2,3140,33.42458318335389,-112.29643290600988
9460,543 Turk Way,active,239319,4,2,1451,33.49242644597484,-112.00869135723312
9461,650 Geary Dv,pending,296506,3,1,3641,33.4267597132648,-111.90542371538407
9462,422 Euclid Trl,pending,163399,3,1,2181,33.581971012417256,-112.22308912914518
9463,579 8th Wl,sold,121499,3,1,3097,33.508999136650196,-111.98284976955244
9464,183 Walnut Dv,active,263016,4,1,2517,33.43125002171189,-112.03876962328184
9465,664 6th Pl,pending,125807,2,2,1110,33.45355126191518,-112.24383226738759
9466,570 Page Way,sold,239822,3,1,2125,33.514876324795395,-111.88131126303344
9467,660 Pine Vis,sold,122801,5,1,2376,33.51224145506537,-111.88539897364525
9468,20 2nd Trl,pending,269323,4,3,3605,33.57589326347493,-112.16076085427086
9469,59 5th Ave,active,172729,4,1,1069,33.521389474645076,-111.94393827685421
9470,607 6th Cir,sold,175180,3,3,1438,33.387667860247724,-111.98076378914023
9471,701 Post Cir,pending,283140,3,2,1857,33.52427640863488,-112.2926463300282
9472,726 Turk Way,active,267360,3,2,3220,33.408442727829566,-112.18397118663918
9473,556 Euclid Wl,pending,116913,3,3,1936,33.54635995829664,-111.9874632701523
9474,168 Pine Trl,pending,239861,4,1,1996,33.39806230156162,-112.19562959576861
9475,382 5th Ave,pending,125464,3,3,3969,33.39292296790965,-111.96332000174918
9476,174 7th Wl,pending,186064,4,3,1476,33.56905703608872,-112.27779794554644
9477,349 Texas Wl,pending,258442,5,1,3342,33.46318528799402,-112.02025337093757
9478,682 Geary Blvd,active,232312,2,2,3997,33.40420343811773,-112.26084719630651
9479,320 Franklin Cir,pending,208713,3,2,1497,33.55289471763942,-112.22113970213796
9480,750 5th Ave,sold,140938,4,2,1682,33.56724339628555,-112.14017821898564
9481,391 Pine Cir,active,184590,3,1,2491,33.56522422523164,-112.33352380830254
9482,605 9th Way,sold,163109,3,2,2453,33.57555037858754,-112.05836440978405
9483,421 Franklin Trl,sold,245146,2,2,1508,33.54040437019666,-112.24641197038474
9484,700 3rd St,pending,116568,5,2,2266,33.4940605515162,-112.34526197737313
9485,463 6th Trl,sold,242025,3,2,1132,33.58262424566849,-111.87745964962278
9486,231 Post Pl,active,230397,3,2,2396,33.568234015336714,-112.26569479578166
9487,401 Sutter Cir,active,232831,4,2,2640,33.552912531442885,-111.93790730495898
9488,80 Sutter Pl,sold,273295,2,1,1139,33.50283918798942,-112.14263278636643
9489,296 Blake Cir,active,126657,5,2,1942,33.44280990264702,-112.13372515193166
9490,115 California Ave,pending,106027,3,3,1326,33.36923756641932,-112.0031784873184
9491,563 3rd Pl,sold,132818,2,2,1872,33.3983895983721,-112.229268802088
9492,333 Texas Way,pending,123197,3,2,2157,33.46622172742604,-112.31898435833867
9493,596 Walnut Pl,pending,233614,3,3,1033,33.554104490059714,-112.23189940997649
9494,321 Wall Ave,active,230126,4,3,3275,33.516892738451425,-111.87805031650787
9495,90 Pine Wl,pending,289010,4,1,2126,33.38857888383113,-111.87221184552021
9496,136 3rd Ave,pending,280027,3,3,2765,33.41170518383016,-111.9441249856894
9497,25 Blake Trl,active,166921,5,3,2773,33.584364362301606,-112.04762039853277
9498,711 Turk Trl,pending,197698,3,1,3116,33.44815926660573,-111.90700268453566
9499,348 Sutter Cir,pending,145068,2,3,2302,33.53562191382035,-112.00234605939978
9500,306 Sutter Pl,sold,272701,5,3,1951,33.567755769630374,-112.31888843936426
9501,519 Wall Wl,pending,207007,2,2,1485,33.40705873449965,-111.95032436142695
9502,110 8th Blvd,active,184921,3,1,2250,33.471626835591394,-112.06061572642918
9503,477 3rd St,active,222160,2,2,1996,33.48111317046854,-112.27077881234592
9504,637 Turk Rd,pending,154185,3,3,2273,33.36378049073558,-111.97169968683001
9505,425 Sutter Rd,active,168436,5,2,1248,33.37579692586302,-112.00753502178638
9506,645 Sutter Dv,active,134884,2,1,1298,33.54886517776616,-112.12764437893146
9507,292 Sutter St,sold,297676,4,3,3999,33.39760852728037,-111.91863637478609
9508,290 Blake Way,pending,256524,2,3,1878,33.380411649855745,-112.05365601437666
9509,768 Texas Wl,active,125984,5,2,1643,33.45446312711634,-112.17940249736762
9510,310 6th St,pending,185937,4,1,2366,33.42166543838813,-112.14235961956625
9511,341 8th Rd,pending,124264,2,2,2726,33.36142397274073,-111.95379795004453
9512,188 Wall St,pending,281630,4,1,1718,33.410431920714394,-112.15204076246387
9513,24 Pine Dv,sold,259784,2,3,3425,33.5251668834474,-112.28490569220754
9514,547 Franklin Vis,active,243716,2,3,2461,33.43900090692393,-112.06276483797653
9515,453 2nd Way,sold,288624,3,2,3267,33.403927536707975,-111.89050680988073
9516,787 Page Trl,sold,112711,4,1,2571,33.4104760142595,-112.28513458740659
9517,608 Page St,active,284265,5,3,2985,33.44392190112178,-112.02280529876222
9518,497 Walnut Vis,active,256996,4,2,1989,33.47538796731242,-112.13562286355152
9519,673 7th St,sold,206491,3,2,3392,33.512549632666264,-112.30212990978343
9520,747 8th Wl,active,202495,3,3,3043,33.47869840363746,-112.15101396399056
9521,715 Indiana Vis,sold,109511,3,2,1593,33.41209626834101,-112.27374154102864
9522,211 2nd Vis,pending,178995,2,1,1779,33.40745909716649,-112.35234969468598
9523,230 Euclid Trl,sold,290945,3,3,3426,33.5235194188933,-112.0325825514977
9524,427 Indiana Trl,active,263965,3,1,1747,33.39387089725855,-112.26024450178964
9525,741 1st Trl,pending,270974,4,1,3926,33.48694762101036,-112.21082372197097
9526,523 Texas St,sold,237266,5,2,3941,33.4088274343505,-112.02186159172174
9527,286 Euclid Way,active,118971,5,2,1832,33.38768234454743,-112.22275635581954
9528,122 2nd Rd,pending,189960,5,3,3075,33.36306324983716,-112.17809703958113
9529,11 Pine Blvd,active,287241,3,2,1025,33.39797679239683,-112.26359141465679
9530,336 5th Wl,active,124210,3,2,1179,33.537943543201294,-112.10872252945494
9531,134 Turk Pl,pending,103707,4,2,2376,33.464883007985684,-111.89720781778189
9532,304 Post Vis,active,136457,5,3,2738,33.49823283918302,-112.00883649974385
9533,620 Bush Dv,sold,247653,5,2,2022,33.459912665579196,-111.91628837228242
9534,362 7th Way,pending,120338,3,1,1299,33.57282138682059,-112.23784856545517
9535,135 1st Dv,sold,144382,3,2,2680,33.46686675510258,-111.88592607951263
9536,345 Pine Vis,sold,113770,4,1,3051,33.45165076125122,-112.28200891787013
9537,717 California Dv,active,117623,5,3,3521,33.58048448853494,-112.28473115864729
9538,288 8th Cir,active,240873,2,2,3152,33.50275588219631,-111.97581757830143
9539,196 4th Way,pending,146727,5,3,2292,33.442754444456845,-112.07615421515543
9540,651 Walnut Vis,pending,180360,2,2,2492,33.47620135992154,-111.8874399568151
9541,674 Sutter Vis,sold,288683,4,2,3262,33.52438477651754,-112.30118244634176
9542,595 California Way,sold,266932,4,3,2230,33.48436261940716,-112.14716656163466
9543,579 Walnut Vis,pending,173368,5,1,1916,33.490705998246504,-111.94097451224364
9544,112 Blake Blvd,active,103303,5,1,2555,33.557712082836304,-111.95730933362776
9545,753 9th Wl,sold,180323,5,1,3565,33.43930791538788,-111.96578760298847
9546,413 Mission Dv,active,152237,5,1,2953,33.42410638557581,-112.02720275294746
9547,247 Turk Vis,active,276891,4,2,2243,33.552061742336484,-112.34213799590579
9548,452 6th Rd,pending,240369,3,3,2372,33.512843325935044,-112.28304081659057
9549,126 9th Vis,sold,236247,5,1,3298,33.59093946513108,-112.31198198125928
9550,261 3rd Cir,pending,100492,3,3,3194,33.482648871243946,-112.19565553828636
9551,188 Page Rd,active,160923,3,2,3878,33.441282191997175,-112.25744150504835
9552,68 Geary Rd,sold,105671,3,1,1796,33.40221684423793,-112.10348631064099
9553,672 Blake Rd,active,200800,2,2,3444,33.49573342450913,-112.33395710753594
9554,566 Geary Vis,active,169567,4,2,3699,33.55947606446516,-112.01565080639291
9555,343 Bush St,active,169158,4,3,1919,33.49914992384224,-111.94519750230072
9556,217 Wall Ave,sold,174762,4,2,3993,33.574489475796334,-112.12489520939846
9557,500 Geary Ave,pending,123402,2,2,2275,33.48743907130711,-112.16648738293854
9558,500 8th Wl,pending,227960,4,3,2465,33.500605015008226,-112.34287534897723
9559,774 7th Dv,pending,240198,2,1,3303,33.41359761781648,-111.90048236700918
9560,603 1st Trl,active,142597,3,3,1550,33.36676115952644,-112.22530829715997
9561,476 Mission Wl,sold,293491,2,2,1129,33.392936875304954,-112.31592357316264
9562,674 Texas Blvd,sold,276496,2,3,2165,33.379359902939306,-112.06710409339601
9563,446 Mission Way,active,227241,4,1,1875,33.54743073747412,-112.34007549861249
9564,637 Texas Vis,pending,137416,2,3,2366,33.55451117191026,-111.96561929567842
9565,609 Bush Rd,sold,282239,4,1,3918,33.44314448889611,-112.3203524573208
9566,235 Bush Pl,active,235291,4,3,2152,33.5574529071283,-111.99690666927711
9567,556 Franklin Blvd,pending,166521,5,1,3084,33.53633662786922,-112.11392317699355
9568,567 Post Way,pending,199551,4,2,2014,33.43951255788021,-112.06453495862213
9569,781 2nd Pl,active,152069,4,1,3353,33.594023561847344,-112.36110698765128
9570,763 1st Cir,pending,174304,5,2,3745,33.50002634927056,-112.07620301634066
9571,219 Turk Wl,sold,289223,3,3,3223,33.38083378022068,-112.09465277467274
9572,281 California Wl,sold,281965,3,1,3704,33.566315605405066,-111.97398784628719
9573,80 9th Wl,sold,237614,4,2,3861,33.408093773014855,-111.98052597102856
9574,550 Geary Trl,pending,233583,5,2,2251,33.57596115343307,-112.05222459209352
9575,90 California Pl,pending,217515,5,2,3452,33.522700193141894,-112.27254153245316
9576,568 Bush Cir,sold,107374,4,3,3558,33.38643150088685,-112.2347863921221
9577,230 Wall Dv,active,207143,4,2,1211,33.416623492228034,-111.97747067577485
9578,421 Pine Way,sold,165983,3,3,3363,33.58246106251546,-112.3614851974837
9579,125 Pine Ave,pending,182726,5,1,1532,33.58331808888632,-111.89579650612839
9580,114 5th Cir,active,107515,2,1,3622,33.58960922874064,-112.26798090938794
9581,444 2nd Trl,pending,239452,3,1,3844,33.472496435055945,-112.2864067552673
9582,792 Franklin Ave,pending,210732,4,2,1833,33.506320419177065,-112.05018172455779
9583,258 1st Dv,active,269847,2,1,2631,33.536956128464496,-111.96248710308913
9584,165 Bush Trl,sold,285428,5,1,2088,33.399573202964646,-111.97014675162366
9585,474 Turk Rd,active,115725,2,3,3948,33.39490751634904,-112.34492882986775
9586,709 Walnut Pl,active,255858,3,3,3516,33.534791143605055,-111.99549127997501
9587,407 Euclid Ave,sold,174686,5,2,2305,33.56114186012021,-112.33209685906043
9588,84 Franklin Wl,pending,198460,5,3,2778,33.48209624310446,-112.29110201973012
9589,162 Geary Rd,sold,151228,4,1,2593,33.439486132816334,-112.01394017753465
9590,72 6th Vis,pending,251602,3,2,2932,33.3872392777583,-112.02189969890135
9591,761 Bush Vis,sold,142844,5,2,3892,33.546189768699094,-112.31750312621354
9592,560 Page Cir,pending,229226,4,1,1934,33.507370303081494,-112.20764940605115
9593,254 Mission Wl,pending,250254,4,1,1856,33.52547949419344,-112.19451699959465
9594,505 Euclid Dv,pending,293115,2,3,1433,33.372742380871294,-112.32932838364896
9595,648 California Way,active,175799,4,1,1073,33.503801405475464,-111.94982931033422
9596,760 Sutter Dv,sold,204409,3,1,1435,33.56055192824689,-112.01605373024137
9597,405 6th Vis,sold,244615,5,3,1719,33.37685127257724,-112.2219703049207
9598,212 7th Ave,pending,247386,3,1,1884,33.382580808968385,-112.09722371308112
9599,662 Pine St,pending,289460,2,3,2367,33.52092589935217,-112.27064695173483
9600,163 Walnut Ave,active,243702,5,2,3391,33.446975775132294,-112.05110865213535
9601,506 California Wl,pending,274038,3,3,2736,33.55991431290646,-112.07131070675742
9602,294 Franklin Cir,active,198845,3,2,2732,33.48807813229453,-112.29367074558985
9603,180 Post Vis,active,105300,4,1,3572,33.447794182869885,-112.28635385173612
9604,221 Indiana Cir,sold,168445,5,1,1045,33.525823543089594,-112.25242683997736
9605,642 Wall Rd,sold,288968,5,1,2979,33.473057726841276,-112.12030503286235
9606,233 Euclid Vis,active,124278,4,1,3835,33.505614642576944,-112.28918186909377
9607,747 Wall Ave,pending,252255,5,3,2275,33.38439798576362,-112.14049537083793
9608,531 Euclid Dv,active,262553,2,2,3391,33.52536299304161,-111.87740538514309
9609,13 Mission Pl,sold,295222,4,1,1133,33.44570838138075,-111.87289050326818
9610,664 Sutter Pl,pending,239620,3,1,3994,33.50286202795994,-111.9352150446706
9611,594 Post Rd,pending,191383,2,1,2959,33.471150673154995,-111.97847822492967
9612,192 Bush Wl,sold,229958,3,3,1036,33.51599725736446,-112.26743276733117
9613,747 Pine Rd,active,148156,3,2,3322,33.574597803447766,-112.04801119837279
9614,507 Walnut Trl,pending,261047,3,2,1793,33.57737358255024,-112.16384583091364
9615,15 3rd Ave,active,268255,4,3,3834,33.442183607180944,-112.25782881797349
9616,253 8th Blvd,active,133423,2,2,2250,33.392375933157105,-112.20840908267776
9617,542 Mission Pl,pending,291193,3,3,1816,33.396152865485426,-112.28009292547756
9618,410 Pine Cir,sold,274467,5,1,3148,33.53699568399952,-112.01742583278718
9619,138 Wall Way,sold,137954,4,2,2450,33.367180356050035,-112.29180502509843
9620,396 Geary Trl,sold,116910,5,1,2416,33.37557988882133,-112.29711591251025
9621,333 7th Way,sold,283912,5,1,2670,33.54248019445126,-112.1822392539212
9622,604 9th Dv,pending,153344,2,1,3288,33.433093601965766,-112.35626959613232
9623,223 Sutter Blvd,pending,137554,2,2,1457,33.44955722010598,-111.90165134266014
9624,515 4th Vis,pending,227700,5,1,3509,33.56939435529828,-112.01738895981555
9625,170 6th Rd,pending,167817,4,3,3454,33.48335668725444,-112.26571413208214
9626,368 4th Ave,active,195850,3,2,1454,33.46628280692026,-112.24786204155069
9627,338 7th St,active,150339,2,1,2289,33.40227131672817,-112.09493359756246
9628,170 California Trl,pending,183346,5,1,2382,33.41818978484757,-111.87287572452
9629,170 1st Dv,pending,218758,2,3,3968,33.38836014463929,-111.90958424557203
9630,88 Pine Vis,sold,222323,2,3,2274,33.555963466979954,-111.88110275734682
9631,387 Mission Trl,sold,261958,2,3,2453,33.43072299786106,-112.0989148410293
9632,279 Indiana Vis,pending,197040,5,3,2911,33.586011428825614,-112.00419444561028
9633,344 Wall Cir,active,116185,4,2,3989,33.546029536158166,-112.35705949890033
9634,202 California Vis,pending,123979,2,3,3156,33.50198583821936,-111.92693756341234
9635,532 Page St,active,263767,3,2,1506,33.44731750107503,-111.88897622228093
9636,223 California Rd,active,283338,4,3,3250,33.42875952797439,-111.98431380336599
9637,202 Turk Dv,sold,193360,4,2,3723,33.54001651711329,-112.1335458381418
9638,546 8th Pl,pending,197363,2,3,2148,33.38726469042633,-112.02073819087133
9639,76 Page Wl,sold,243582,4,3,3619,33.46292947543725,-112.01756874532374
9640,517 Indiana Blvd,sold,123588,2,2,1497,33.47143008180378,-112.28244093094031
9641,628 Indiana St,sold,136282,3,1,3484,33.46544048876308,-111.96126356495809
9642,156 Bush Way,sold,207462,4,3,1399,33.3884289442515,-112.29826532327546
9643,545 8th Ave,sold,175166,2,3,2087,33.43412300478799,-112.07511509828832
9644,16 Page Rd,sold,262344,5,3,1884,33.42579186502084,-112.33684422242683
9645,310 Sutter Cir,active,193120,5,3,2011,33.50275606587379,-112.3138183822243
9646,228 4th Wl,active,223699,2,2,2423,33.554936075444516,-112.01503258809277
9647,191 Mission Vis,sold,119380,5,3,2451,33.419023328998165,-112.05457120577232
9648,428 Sutter Wl,active,280894,3,3,1890,33.4303440783304,-112.04297692921251
9649,158 1st Way,pending,268564,2,1,2343,33.4430986361698,-112.01805566745195
9650,116 5th Vis,pending,129116,2,3,1577,33.55303319844537,-112.25767554826396
9651,624 California Pl,pending,156539,2,3,2291,33.55974788747102,-112.088808516266
9652,219 Indiana Rd,active,230446,4,1,1268,33.493254085646086,-112.24411371557477
9653,237 Pine Trl,sold,296200,5,2,1381,33.49564325098833,-112.26651503275158
9654,785 California Cir,sold,224818,5,1,2296,33.43129069542651,-111.89154597508194
9655,341 5th Way,sold,236326,5,1,3252,33.552130325480846,-112.10494400216577
9656,436 Geary Rd,active,104159,4,1,1163,33.54356212532512,-112.21597426801195
9657,620 Indiana Dv,sold,218182,5,3,3761,33.44563440218703,-112.22869607389175
9658,648 4th Pl,active,113621,3,3,3943,33.4558179629446,-111.89730663291645
9659,669 Euclid Vis,active,263667,3,2,2240,33.55398331600927,-112.36007195156988
9660,71 Sutter Wl,active,274699,3,3,3623,33.481312683666474,-112.33334075827136
9661,609 Blake St,pending,299328,4,3,3391,33.40556217513889,-112.02637828113318
9662,603 Texas Dv,sold,140921,2,3,2592,33.54812404011264,-112.26896010582729
9663,696 6th Dv,active,126291,5,3,2222,33.43130195248768,-112.31557870549256
9664,375 Mission Cir,active,194512,4,1,1856,33.56177361891527,-112.28218014672693
9665,431 Blake Cir,active,296370,3,2,1537,33.42741693781772,-112.2760023142042
9666,175 California Ave,pending,212668,3,3,2528,33.48164933628221,-112.27888612082018
9667,53 Sutter Rd,pending,145503,5,1,3911,33.415841573860945,-111.97268659873285
9668,245 1st Wl,sold,256934,3,3,1508,33.50304033674035,-112.3499231098603
9669,334 2nd Vis,sold,104726,4,2,2844,33.45251376876986,-112.14159310159735
9670,768 Sutter Cir,sold,158072,3,2,1567,33.50080547286259,-111.988489461457
9671,278 Sutter Trl,active,281911,5,2,3289,33.39301705434157,-111.9861896823959
9672,81 Sutter Way,pending,133955,2,2,2801,33.38635931999059,-112.25061346234256
9673,625 Turk Rd,sold,168377,3,3,2547,33.38908996243525,-111.98530192287572
9674,698 Turk Rd,sold,280544,3,3,2063,33.5160024505594,-112.19845994161408
9675,62 Indiana Way,active,217883,3,2,1461,33.40995240558505,-112.30558959796403
9676,648 Blake Cir,pending,206877,2,1,2887,33.41175482952774,-111.9330158208203
9677,689 5th Cir,active,172491,4,3,3831,33.46652343964656,-111.98583866699259
9678,713 Sutter St,pending,211834,5,3,3330,33.40082202848522,-112.30244462020755
9679,502 Turk Trl,sold,241358,5,1,2887,33.4965472651686,-111.99032786407193
9680,283 Franklin Pl,sold,171668,5,2,2495,33.5201633920373,-111.93417548429773
9681,128 Indiana Way,pending,290379,4,3,1619,33.46335674145714,-111.97139067870265
9682,445 4th St,sold,293481,2,3,3707,33.56491597157039,-112.16909610246991
9683,797 Wall Rd,pending,168251,5,3,1007,33.547443585500005,-111.97772065049772
9684,334 3rd Trl,pending,291728,2,2,3517,33.509840926954816,-112.15417002841006
9685,672 Page Dv,pending,224294,4,3,1453,33.401838867775915,-112.01976979572946
9686,251 Blake Wl,sold,241743,5,2,1103,33.423719131598865,-111.96168778422842
9687,250 2nd Dv,sold,210602,5,3,2626,33.48024278455213,-112.00280648882398
9688,770 Franklin Rd,pending,141837,4,3,2388,33.432102548181035,-112.06038279464123
9689,211 5th Trl,active,143008,4,1,2770,33.430159468439534,-112.01155300333477
9690,237 Post Wl,pending,282855,5,1,3361,33.44223684329382,-111.98737601546927
9691,789 Franklin Cir,sold,294696,3,2,3385,33.44662334334559,-112.30829320758114
9692,94 Post Trl,pending,285958,2,1,1214,33.364932731593626,-112.12133751829549
9693,487 Franklin Way,active,215954,4,1,3461,33.458192699998996,-111.87365450900626
9694,458 1st Blvd,sold,138108,4,2,2164,33.43954529381446,-111.88092596666097
9695,327 2nd Pl,pending,282184,4,3,1374,33.53284259997963,-111.94154415234578
9696,546 Mission St,sold,153730,5,3,2639,33.38584889741628,-112.01805241120913
9697,627 Turk Way,active,106144,4,2,2368,33.46617760674584,-112.07771240729588
9698,671 Franklin Ave,sold,186992,4,3,1569,33.526614232383615,-112.05080763946776
9699,374 2nd Dv,active,281370,3,2,1617,33.40523313381649,-112.20683292587428
9700,362 Blake Blvd,active,220049,2,2,2200,33.4168426714341,-112.20705625738275
9701,769 Sutter Pl,active,199560,2,2,2382,33.379673118118305,-111.96723115501545
9702,240 Euclid Way,pending,179630,4,2,1213,33.445343919415,-112.16965610629683
9703,595 8th Rd,pending,102333,5,2,1339,33.55864022437585,-112.2344308359075
9704,155 Texas Cir,active,189925,4,1,3533,33.46513030545337,-112.13808490536178
9705,308 Sutter Vis,active,121691,5,3,2140,33.57280471270585,-112.24974584512096
9706,102 Sutter Dv,sold,151523,5,3,1805,33.422072387952014,-112.26262223902911
9707,727 1st Pl,sold,214506,5,2,2192,33.42167051456086,-111.9161285605313
9708,279 Pine Dv,active,240092,5,2,1639,33.43434200897956,-111.92503434946477
9709,188 Pine Cir,active,263010,2,2,1684,33.47919277158496,-112.34820162867364
9710,145 9th Vis,pending,174778,4,3,2153,33.36173614203243,-111.8785870013274
9711,521 9th Ave,sold,215562,2,3,1283,33.53360084932967,-111.92391720679625
9712,315 Turk Cir,pending,190443,2,3,3348,33.40813471098299,-111.99362151010807
9713,140 Walnut Trl,pending,258545,5,1,3037,33.39866820230804,-112.15742468513675
9714,618 Blake Way,active,177807,3,3,3239,33.38314595079562,-111.87325590825127
9715,260 5th Rd,active,263167,5,2,3387,33.491701583381285,-112.0405559818219
9716,652 4th Blvd,pending,105115,5,3,2410,33.44501717696702,-112.20677985331487
9717,388 Bush Cir,active,136197,5,2,3253,33.39490115210548,-111.92149428070896
9718,106 3rd Way,pending,212496,2,1,2561,33.415590179652845,-112.14825216770532
9719,87 8th Pl,sold,229937,4,2,3902,33.495981612289256,-112.04491304526465
9720,745 3rd Vis,sold,172107,4,3,3171,33.495928144270984,-112.18559028594755
9721,48 Pine Ave,active,235660,4,1,3092,33.47087589144918,-112.01926635507913
9722,583 8th Way,sold,245275,3,2,1216,33.56202968642968,-112.29191467119037
9723,447 Pine Cir,active,127288,5,1,3244,33.40273369236567,-112.26557679796039
9724,25 3rd Wl,active,246572,2,1,1266,33.458416619307556,-111.94243985730053
9725,117 4th Vis,sold,128290,5,2,2602,33.50237652323372,-112.06048195489134
9726,450 Geary Dv,sold,189913,4,1,3786,33.39755100602959,-112.28544580541651
9727,255 Turk St,sold,298770,5,3,2741,33.41499259079216,-112.321821263096
9728,211 1st Trl,sold,163846,2,1,3390,33.49392311910332,-111.89285247017715
9729,722 Sutter Wl,active,111453,4,1,2673,33.395224378404265,-112.23526000814041
9730,692 Turk Blvd,sold,159348,4,2,1018,33.366063522287725,-112.33483667841868
9731,634 3rd Dv,sold,257610,2,2,1143,33.56181047429037,-111.95659767604543
9732,416 Wall Pl,pending,210459,3,3,1531,33.524631790785584,-112.29780654684421
9733,496 Page Pl,sold,218485,3,1,1916,33.38785231104519,-112.11771955710412
9734,430 Page St,sold,276045,4,2,2658,33.51657372403543,-111.99983166597848
9735,172 Page Trl,sold,112415,5,3,2614,33.538101348928095,-112.33712021175042
9736,556 Franklin Ave,active,173031,4,2,3803,33.553874399896095,-112.24935409472829
9737,120 6th St,sold,155378,4,1,1460,33.43560784777469,-111.95949323471278
9738,24 3rd Dv,active,201689,4,1,3106,33.422621728520085,-111.87458763989616
9739,624 Mission Rd,sold,261799,3,2,2998,33.41230301875016,-112.04295606156212
9740,720 8th Cir,pending,240874,4,1,1666,33.499647695937526,-112.15792524362804
9741,178 California Vis,sold,154914,3,3,1721,33.442635424275835,-112.22099094140611
9742,584 Turk Pl,active,218414,4,3,3577,33.56535303253722,-112.27501379911709
9743,521 Turk Rd,pending,167614,5,1,1467,33.47902820715204,-111.94539892460374
9744,109 9th Trl,active,230458,4,3,1753,33.514925631979665,-112.21426610480631
9745,148 Euclid Rd,sold,135032,3,3,2399,33.38298196810848,-112.31234314494215
9746,679 Bush Wl,sold,174183,5,2,3798,33.41435771551178,-112.19225411147343
9747,643 1st Vis,active,205720,4,3,3056,33.37712983235863,-111.95490466087386
9748,116 6th Blvd,sold,133124,5,2,3530,33.510533213045434,-112.11531803210609
9749,291 Geary Blvd,active,253359,5,1,3372,33.51532855109153,-111.97142083113124
9750,777 8th Cir,sold,177154,5,3,1050,33.4238754671736,-111.9519716939379
9751,149 Texas Blvd,active,126049,5,2,3213,33.459426162840785,-112.12660186104209
9752,355 Post Way,pending,282063,3,2,1424,33.51686187938714,-111.97050685335552
9753,141 4th Vis,pending,269497,5,2,1562,33.497787787106084,-112.07721661750692
9754,426 Page Blvd,sold,227276,2,2,2926,33.41799393590112,-112.33913195983662
9755,493 California Blvd,sold,125807,3,1,3151,33.59160457974631,-111.98548251324742
9756,565 Pine Way,active,116484,5,2,2920,33.502929936379914,-112.32833040212135
9757,726 Turk Blvd,sold,155049,3,1,1974,33.5355804970496,-111.94516360492423
9758,176 Sutter Trl,sold,115220,2,3,2532,33.43141347042061,-112.12146989486787
9759,276 4th Pl,pending,210081,2,2,3196,33.3893050247864,-111.87317750275989
9760,178 3rd Rd,active,243187,3,1,1880,33.520343846491386,-111.9017771832934
9761,150 4th Cir,pending,204745,5,1,3359,33.58490632012123,-112.09977310433666
9762,63 Geary Wl,active,297051,3,3,3458,33.40406843755221,-112.08481274630641
9763,150 2nd Rd,pending,270350,4,1,3086,33.51976576722311,-112.01677321399464
9764,15 1st Pl,pending,156430,2,3,2028,33.381496425695445,-112.06066517636839
9765,214 Pine Rd,sold,249058,2,1,3800,33.54328918918759,-112.21902423731436
9766,604 Pine St,pending,193062,4,3,3858,33.50056494429643,-112.20898710365681
9767,111 Bush Way,sold,214913,2,1,2844,33.361512481621084,-111.89971477654771
9768,42 Sutter Rd,pending,160981,3,3,3923,33.58800833073673,-112.10308095073718
9769,536 Indiana Pl,sold,117024,4,2,2070,33.49527491241883,-112.01067861915479
9770,592 Turk Way,sold,240235,3,1,3203,33.55466580072676,-111.93876436146616
9771,56 5th Dv,sold,188176,5,1,1214,33.538872127371654,-112.02646348428114
9772,756 Wall Blvd,active,191363,2,1,1813,33.36735718074056,-111.87453426809175
9773,184 Page Rd,sold,242924,4,1,1727,33.509153962926234,-112.17168089779089
9774,609 9th Trl,active,241187,5,2,3202,33.578565322183834,-111.94158314331561
9775,565 9th Vis,pending,227035,3,3,3797,33.47723894553386,-112.18455405553358
9776,229 Pine Blvd,pending,245928,4,1,1355,33.401900368179405,-112.32291007420648
9777,489 Indiana St,active,240370,5,3,1083,33.50057380922261,-111.92363466109389
9778,167 6th Dv,active,151439,3,2,3032,33.52225000062378,-112.24951730798271
9779,783 Geary Pl,pending,250044,2,1,1501,33.50834885790457,-112.25772545860795
9780,158 5th Cir,pending,291600,4,2,1445,33.47489731612087,-112.04042586487535
9781,339 Turk St,active,245952,2,1,1691,33.39729231859944,-112.10920022799179
9782,493 Texas St,active,103978,3,1,1306,33.510731414555494,-112.05616233998357
9783,36 Texas Trl,sold,266294,5,3,2506,33.50092486218239,-112.17043223391796
9784,780 Franklin St,sold,289101,5,1,1931,33.51344868691668,-112.26935430349641
9785,685 Blake Way,sold,285869,2,3,3117,33.58531723347384,-112.13360643919488
9786,732 Sutter Pl,active,209889,5,1,1623,33.54103370943977,-112.19225856912824
9787,586 Page Dv,active,280754,4,1,3217,33.49793885592258,-111.92349048769974
9788,643 Sutter Blvd,pending,236544,3,2,2696,33.407412656146604,-112.09287664209889
9789,167 9th Wl,active,141280,4,1,2977,33.553071651365215,-112.32629215658419
9790,97 8th Trl,sold,123155,4,2,2685,33.39196586155096,-112.18866519755555
9791,744 7th Vis,pending,250058,5,1,1041,33.546844648569895,-112.3569165754942
9792,393 California Rd,active,274566,3,1,3342,33.49423431276302,-111.93775614228838
9793,323 Post Ave,sold,146219,2,3,3254,33.480356018853925,-112.27102913984712
9794,223 Wall Cir,active,234997,2,2,3343,33.46943957161233,-112.23853637938745
9795,183 5th Trl,active,232029,4,2,3531,33.3679400317638,-112.2472423493331
9796,650 Franklin Trl,active,189240,3,1,2748,33.417466308642965,-111.93364762505587
9797,600 Texas Wl,sold,114277,3,2,1604,33.44491196290674,-111.98447504134352
9798,375 7th Vis,pending,242969,3,2,3039,33.49625606483294,-112.01541805103867
9799,333 Texas St,sold,162967,4,3,2936,33.48228823509585,-112.21499904812462
9800,757 Franklin St,active,241392,5,1,3537,33.480242970719225,-112.24634442989444
9801,189 Euclid Rd,active,195050,2,3,2623,33.53685969859099,-112.003693669056
9802,310 9th Dv,pending,200059,3,1,3394,33.39109831541009,-112.03026636704205
9803,34 1st Cir,pending,280167,2,1,2878,33.472442221162645,-112.12389631992615
9804,618 4th Dv,pending,280424,5,2,1273,33.512340658790706,-112.05680690536803
9805,47 6th Wl,sold,173630,2,1,1364,33.52785673911726,-112.34849780768583
9806,670 Texas Ave,sold,112489,2,3,3105,33.45447644837101,-112.3575039750449
9807,169 Blake Rd,pending,290648,5,1,1230,33.505063905337146,-112.18373228726172
9808,274 Pine Cir,pending,189166,3,1,1931,33.575123381320445,-111.9579648716297
9809,670 Walnut Cir,sold,142531,2,2,2532,33.46407489279715,-111.90497979219336
9810,358 2nd Pl,pending,169915,2,3,2453,33.38916917276009,-112.0878872055755
9811,580 Mission Rd,active,143408,3,1,3322,33.38517438951743,-112.06032026013949
9812,629 Page Rd,sold,275092,5,3,3169,33.56190853677092,-111.90742229705457
9813,48 Blake Vis,active,156659,2,2,2591,33.468035368305316,-111.9599415157694
9814,745 7th Blvd,sold,170636,5,3,3903,33.508803076649734,-112.29992799568996
9815,31 Post Blvd,pending,158728,5,1,2575,33.435541153823706,-112.27877740648786
9816,284 Franklin Ave,sold,142072,5,3,2009,33.554338162540006,-112.2387872736781
9817,769 Post Trl,pending,241682,4,3,2765,33.478233499943244,-112.08928396984304
9818,40 7th Ave,active,225957,4,2,1064,33.513448801657844,-112.08105368460694
9819,265 Sutter Wl,pending,192992,3,1,1782,33.498588919355875,-112.06347055997182
9820,536 Geary Dv,active,218749,3,3,3425,33.495314297598526,-112.04258059176033
9821,472 Wall Pl,active,235610,4,2,3995,33.54531841765767,-112.31866857710374
9822,390 Turk Ave,pending,221019,5,1,3731,33.525587769886634,-112.16146081712289
9823,327 Texas Ave,pending,151126,2,3,3906,33.46056137136647,-112.32135752202421
9824,322 Franklin Blvd,pending,221699,4,1,1920,33.57501805790809,-112.07767437375325
9825,406 5th St,sold,118058,5,2,3763,33.58322576038583,-111.91744103008907
9826,61 4th Vis,pending,156765,3,3,2100,33.37268143669127,-111.93080068190055
9827,306 Bush St,sold,284383,2,1,1946,33.402863691799915,-112.35124701615794
9828,296 Turk Rd,sold,215380,3,1,1486,33.49050035425502,-111.89691180419142
9829,480 Page Way,sold,256949,3,3,3954,33.37158405497462,-112.01519564903292
9830,469 5th Cir,active,182593,5,1,3469,33.37930399015243,-111.89730118102489
9831,242 Walnut Dv,active,145117,3,2,3547,33.46246639573177,-112.32636631092535
9832,293 Blake Pl,sold,199581,2,1,2603,33.46937293303001,-112.33656567651296
9833,81 2nd Dv,pending,255108,2,2,2412,33.46743301465394,-112.35953928320501
9834,656 Geary Blvd,sold,245570,2,3,1082,33.42698119169215,-112.05831752307608
9835,659 Indiana Way,pending,200989,5,2,2431,33.387122749043165,-112.13973823602593
9836,425 Euclid Rd,pending,157658,4,3,2219,33.45393857171035,-112.20018556650471
9837,604 7th St,pending,288460,5,1,2656,33.49629314054911,-111.88252927325368
9838,715 1st Way,pending,207272,5,3,3264,33.52221849056182,-111.95553861651103
9839,189 Geary Rd,active,202606,5,2,1495,33.479914464473765,-112.24132077559074
9840,30 8th Cir,pending,174299,5,3,2946,33.4363062269518,-112.24842597723979
9841,365 Euclid Blvd,active,178027,2,3,3361,33.510985687080826,-112.1887545554178
9842,422 Sutter Ave,pending,243677,5,1,1951,33.550691967154485,-112.28225282273952
9843,681 4th Trl,active,222116,5,3,3331,33.52292077845693,-112.13989604052763
9844,796 7th Ave,sold,161723,3,3,3623,33.44008821900761,-112.19519239088814
9845,444 8th Way,active,184837,3,3,3410,33.56739444602587,-112.15387780733174
9846,396 Geary Dv,pending,152365,4,3,2276,33.46941276344478,-112.09840855144536
9847,793 6th Rd,pending,168219,5,3,3248,33.44788684910782,-112.02851263245341
9848,228 Euclid Blvd,pending,133426,5,3,1381,33.48047566747392,-112.06988992459114
9849,179 2nd Ave,active,298896,3,3,1811,33.55886624849739,-112.11714963444265
9850,339 8th Vis,pending,160883,2,2,3209,33.56414288700934,-112.19656078912563
9851,320 Post Dv,sold,107457,5,3,1359,33.38174104676269,-111.90842198954962
9852,572 2nd Ave,pending,161125,3,2,3079,33.50701101207921,-112.31564229747855
9853,488 Post Rd,pending,194237,5,1,3499,33.51500890981735,-112.24177039980572
9854,192 4th Trl,pending,222638,2,2,3903,33.361177227971055,-112.15872717084994
9855,678 Geary Vis,pending,138891,2,3,1870,33.37506519614988,-112.23535075417689
9856,369 Franklin Cir,pending,198203,5,3,1082,33.493617885010856,-112.23666922224598
9857,80 Sutter Vis,sold,157174,2,2,1827,33.39103635990951,-112.16793273622712
9858,640 Post Cir,sold,252353,4,3,3944,33.39530731307946,-112.08578490214374
9859,357 9th Cir,pending,250650,5,2,3921,33.380791733705124,-112.23053830507563
9860,278 7th Pl,pending,178477,5,2,2951,33.525518560343556,-112.11714021834206
9861,158 6th Cir,active,239198,2,3,2527,33.54499916162124,-112.09898347524056
9862,363 1st Way,active,154725,2,3,3065,33.419369429856346,-112.10211590100774
9863,123 Wall Ave,sold,203476,5,1,2106,33.469137297760156,-112.35230123437638
9864,37 Wall Cir,pending,266667,3,1,2943,33.49859585522344,-112.0945949924701
9865,361 Post Vis,active,183456,5,3,3318,33.54281150776046,-112.04811957960669
9866,490 9th Ave,sold,202599,2,1,3271,33.55580601979562,-112.10963974747555
9867,560 California St,pending,132677,5,2,2986,33.52947599765059,-112.15372561052284
9868,753 3rd Pl,pending,249718,5,1,2848,33.468471983131856,-112.29020282212059
9869,132 Wall Cir,sold,158349,5,3,2152,33.497965955773275,-112.11302484713963
9870,608 Bush Pl,sold,188732,4,3,3018,33.51379752998389,-111.96749898358817
9871,388 Walnut Dv,pending,182399,4,1,3230,33.47025792850703,-112.25244658691936
9872,137 1st Dv,sold,233661,3,2,3788,33.39349890070336,-112.15072508836326
9873,86 9th Dv,active,291630,2,2,1567,33.40597495779662,-112.00209262218034
9874,621 Euclid Pl,active,201799,5,1,3151,33.378613304460885,-111.90667437122033
9875,789 9th Blvd,pending,202946,5,3,1138,33.48215652454269,-112.32293769472547
9876,326 9th Blvd,pending,122710,5,3,1433,33.42508235512159,-111.99913393334117
9877,183 Blake Ave,active,221437,4,3,3692,33.36402898947139,-111.89974150746805
9878,68 Page Pl,pending,139790,5,1,1749,33.38420410630355,-112.32197105991396
9879,161 7th Vis,pending,281348,3,1,3899,33.59180928500905,-112.06909883933315
9880,625 Turk Pl,sold,239849,2,1,2271,33.55903104355214,-112.04108733636734
9881,89 Wall Blvd,pending,236766,3,2,1658,33.455503394596725,-112.34930822268346
9882,213 5th Trl,pending,180454,4,2,2774,33.41586148758613,-112.35970676550475
9883,530 California Wl,pending,205519,4,3,2248,33.52977890499248,-112.06236828607948
9884,306 Page St,sold,273939,4,1,2524,33.48636859512201,-112.09555186345332
9885,214 Page Ave,active,170431,3,1,1459,33.36672259206129,-112.08920554311943
9886,515 3rd Wl,pending,264690,5,1,3616,33.37019321709124,-112.06119317943438
9887,704 Wall Ave,active,182307,2,2,3918,33.55774274831566,-112.04170855899262
9888,676 9th Trl,pending,169646,2,2,2583,33.43972260781477,-112.05478397028368
9889,588 Mission Ave,sold,131472,4,1,2603,33.52264646809378,-112.08843193877837
9890,365 9th Way,pending,244894,2,1,2059,33.48078898125765,-112.13782328897433
9891,601 Texas Trl,pending,262147,5,3,1484,33.45571732277426,-112.3529561937538
9892,129 Geary Ave,sold,208660,4,2,1512,33.37932250512834,-112.33215027653797
9893,248 Mission Way,active,161381,2,1,3545,33.37408019561968,-112.29622922170552
9894,520 2nd St,pending,114152,3,2,2526,33.37335579380525,-112.27778148330185
9895,500 Pine Vis,sold,144180,3,3,3180,33.474888135313144,-111.97937408680647
9896,160 Bush Cir,sold,278387,3,2,2852,33.417587786561164,-112.15866595257593
9897,641 1st Ave,active,224399,3,3,3137,33.44715938892876,-112.00551564647832
9898,463 Blake Cir,pending,142619,3,3,1938,33.53715586298496,-112.06923527478656
9899,273 Texas Wl,sold,288885,2,3,2163,33.39896724633847,-112.15179784100582
9900,543 Texas Way,sold,238660,2,1,2179,33.481461861953555,-112.35299247966466
9901,781 California St,pending,130268,3,3,2410,33.451350270422665,-112.26103001534251
9902,321 Pine Way,pending,178980,2,2,3635,33.5727300907438,-112.14767232903596
9903,231 Texas Vis,active,204954,4,3,1958,33.435740855498565,-112.2486577674965
9904,264 Sutter Trl,pending,211971,4,2,1390,33.53594126527766,-111.90757189377857
9905,181 8th Rd,active,234682,2,2,3777,33.499215709435056,-112.22351247655156
9906,463 Texas Wl,sold,131577,4,3,1734,33.468176411256074,-112.15847633821406
9907,602 Sutter Trl,pending,152832,5,2,3272,33.40958202321049,-112.01205875174945
9908,726 Franklin Pl,sold,113226,5,2,2369,33.52211771951632,-112.18353929430273
9909,358 Texas Way,active,108400,5,3,2180,33.414534698797866,-112.21450315616372
9910,245 3rd Trl,pending,236372,2,2,1137,33.56659446706065,-112.33858628255126
9911,196 9th Pl,pending,256593,3,1,2131,33.473407715265665,-112.3230404896294
9912,367 9th Way,active,188461,3,2,3071,33.47021931114459,-112.13124064018562
9913,188 California Way,active,295339,3,2,2901,33.546239176380595,-112.28365984227287
9914,663 California Rd,active,100312,5,1,1253,33.40691407356095,-112.00885351245783
9915,611 Page Ave,pending,117327,5,3,2943,33.53938365097873,-112.1856874547667
9916,664 Turk Ave,active,298150,3,3,1052,33.374863314296185,-112.0454931771817
9917,259 9th Vis,sold,180438,3,1,1962,33.38457531943027,-111.90010774581795
9918,543 8th Ave,active,212908,3,3,3723,33.555624875934384,-111.90334978791708
9919,56 8th Wl,active,236683,4,3,2073,33.40814197507286,-111.91848480358321
9920,230 Wall Cir,pending,250693,5,2,1632,33.37321759555936,-111.95165300007613
9921,649 Sutter Blvd,pending,101959,3,2,1238,33.565642464359534,-112.18964725430773
9922,687 Bush Vis,pending,274306,5,2,3163,33.529651740089896,-112.15983221020124
9923,325 Pine Pl,sold,273022,3,1,3671,33.434631859998774,-112.02892777992676
9924,535 Indiana St,sold,137896,3,3,1109,33.415786390521596,-112.32653001539299
9925,491 Mission Pl,active,201581,5,1,1604,33.401638756683646,-112.22750557810453
9926,345 Bush Cir,pending,297809,3,2,3723,33.36866476633216,-112.16605785658193
9927,184 Page Wl,active,100668,4,1,1323,33.4496453023674,-112.15936501945221
9928,516 Pine Pl,pending,274182,5,3,2589,33.52247853377148,-112.05883541121653
9929,587 9th Trl,active,222905,2,1,3857,33.498794232566105,-112.07913010103356
9930,301 9th Wl,pending,215159,3,1,1334,33.42175536582726,-112.1375095738066
9931,395 Bush St,active,245430,4,1,2374,33.46071647836057,-112.09675350657665
9932,234 5th Ave,active,219457,3,2,3075,33.55461947508743,-112.07685111552803
9933,499 Texas Dv,pending,138144,4,1,3351,33.49731596365798,-112.0588693768187
9934,510 2nd Rd,pending,131657,4,2,2370,33.51479621660507,-112.26285584197679
9935,642 Indiana Dv,sold,224688,3,3,3495,33.553684089497615,-112.33308312060484
9936,157 Franklin Trl,pending,100520,4,3,3879,33.56645560920532,-112.18166430350472
9937,730 California Pl,active,108970,3,2,1391,33.580813337335975,-112.17293491012384
9938,264 4th Ave,sold,207392,3,2,3624,33.51805491547746,-111.91666356715382
9939,480 Walnut Trl,active,133964,2,2,2965,33.39242316001167,-112.25951208386286
9940,240 Franklin St,sold,252710,5,1,2521,33.51694715903292,-112.13618947207185
9941,399 Post Cir,sold,173704,5,2,1666,33.51358431496773,-112.27475178719759
9942,687 4th Dv,sold,157442,5,1,3426,33.508550195084375,-112.06010441195633
9943,132 3rd Vis,sold,262002,4,1,3560,33.50976485459456,-112.3305023650453
9944,334 Post Trl,sold,122906,4,3,3012,33.58475798346749,-112.08596552169452
9945,161 Pine Pl,pending,239154,3,3,3240,33.44643889743889,-112.08183651714745
9946,798 3rd Dv,active,272200,3,2,3141,33.54317232927209,-112.35575500872329
9947,42 Franklin Trl,pending,267574,3,2,1118,33.54974913645288,-112.34269775047768
9948,221 2nd Dv,active,136983,5,1,1694,33.44126443719402,-111.95530583285692
9949,466 Bush St,pending,139455,4,3,3478,33.58341810944437,-112.17979809622199
9950,132 2nd Cir,sold,124058,2,3,1694,33.5872812219533,-112.26187376463014
9951,399 Indiana Ave,pending,218514,5,3,1163,33.43501223421992,-112.26403141036373
9952,422 Geary Way,sold,175586,4,2,1474,33.43484465902318,-111.90032147738292
9953,713 Post Blvd,pending,253201,4,1,1516,33.527907860602404,-112.19849467143897
9954,519 Euclid Blvd,sold,298396,4,2,3476,33.47054146022327,-112.05978880231407
9955,757 Post Vis,pending,172336,5,2,2990,33.37326442299384,-112.19174030029015
9956,199 Turk Wl,sold,195037,3,1,3792,33.48252691486723,-111.89540738374552
9957,631 7th Rd,active,212098,3,3,1580,33.42537252653952,-112.20863411678756
9958,245 9th Way,sold,108412,4,3,2589,33.585774703047356,-112.097252520815
9959,258 2nd Pl,active,196857,5,2,2453,33.560736545071805,-112.03803510232717
9960,655 3rd Ave,sold,239246,5,2,1764,33.382102979675196,-112.15924069907997
9961,546 8th Cir,sold,270094,4,1,2550,33.5104315131431,-111.87624882498278
9962,219 2nd Trl,pending,183043,5,3,1331,33.46254334989262,-112.33992485081048
9963,791 5th Ave,sold,107752,4,2,3194,33.53236644344018,-111.95082613473352
9964,110 1st Way,pending,108251,2,2,2488,33.5417477839515,-112.32845659111689
9965,785 Sutter Cir,sold,256501,4,3,2897,33.51420903626088,-112.13252977156355
9966,471 Page Vis,pending,117285,4,1,2918,33.460529382725966,-112.1868886882281
9967,622 Texas Rd,pending,150074,2,2,2060,33.46042850356329,-111.88531698465115
9968,722 Mission Wl,pending,248437,4,2,1054,33.41256944794012,-112.35179576281236
9969,609 Blake Dv,pending,198326,3,2,3628,33.5154991635131,-112.10606650547761
9970,637 Geary Vis,pending,172897,3,1,3571,33.382802668027615,-111.88194838023743
9971,159 4th Rd,sold,115902,2,3,1086,33.46628605913145,-111.8781876848906
9972,265 Mission Vis,sold,296080,2,3,3656,33.511679563227986,-111.95127992527625
9973,356 4th Rd,active,265861,5,1,1031,33.39760767619706,-112.0924428774382
9974,263 6th Trl,sold,130446,3,2,1350,33.41179863642038,-112.32040715404167
9975,477 1st Trl,sold,206811,3,2,3294,33.55702530712764,-112.20514945215687
9976,462 Wall Ave,pending,289084,4,1,3960,33.457349885684266,-111.91205657588415
9977,128 Blake Rd,pending,104809,4,1,3732,33.57432765517589,-112.23569046406368
9978,649 Turk Pl,pending,222713,3,1,3791,33.517642324085244,-111.91754419973287
9979,48 6th Wl,sold,132811,3,1,2688,33.4406679072631,-112.32308697399871
9980,384 Pine Vis,pending,220689,4,2,2778,33.436697669244744,-111.88170620871867
9981,54 5th St,active,211765,4,2,2540,33.44184974849865,-111.90498086472532
9982,21 Mission Blvd,sold,124302,4,3,1529,33.55612211478035,-112.10338058701379
9983,710 9th Cir,sold,188990,2,3,1880,33.50935098703096,-111.88610294016658
9984,590 Blake Vis,active,222524,3,2,1237,33.41961600799799,-112.1472791728611
9985,453 8th Ave,pending,109597,2,2,3838,33.38193351488886,-112.19409363027474
9986,20 Bush Pl,active,206656,5,2,3600,33.55376677807415,-111.9576411617363
9987,705 Post Blvd,pending,277302,3,2,3875,33.55121723506222,-111.96636095042038
9988,454 Pine Vis,sold,147479,5,3,2054,33.413086105858625,-112.02032154891259
9989,184 Page Ave,sold,249755,3,1,1611,33.53474119596488,-112.08903725236411
9990,563 Blake Pl,active,114241,3,3,3786,33.41451390548235,-112.02579069964489
9991,34 8th Ave,sold,198247,2,1,2050,33.520204376737226,-112.09391248575068
9992,31 Euclid Rd,active,243178,2,1,3103,33.38452282067551,-111.87565835060497
9993,539 Texas Cir,sold,155163,5,1,1780,33.54448356999805,-111.93374423810324
9994,579 8th Blvd,sold,283007,4,1,1056,33.39886309894093,-111.94460849812162
9995,177 Blake Way,pending,124623,5,2,1587,33.50849520811787,-112.05784201168801
9996,780 Blake St,pending,134061,3,1,1180,33.58486856982781,-112.27861091685595
9997,597 2nd Vis,active,279542,2,2,1545,33.50200549181958,-112.3497377167779
9998,653 7th Dv,sold,170430,5,3,2042,33.38784773439314,-112.21313951197908
9999,192 Page Way,active,167044,2,2,3062,33.39228216636531,-112.10769664304799
