6000,569 Geary Vis,sold,137227,3,2,1492,33.47140276121932,-112.05673532547024
6001,392 Franklin Pl,pending,228466,4,3,3322,33.49477208226495,-112.28973441280984
6002,228 Post Trl,sold,144808,4,1,1543,33.57315791976216,-112.07385750544678
6003,678 6th Rd,sold,194197,2,2,2764,33.45897659627908,-111.87230785945643
6004,92 Wall Cir,pending,215507,4,2,1062,33.4517997770489,-112.1461437831326
6005,708 4th St,sold,104977,3,3,2270,33.414453575714155,-111.95115397129524
6006,414 Franklin Cir,active,180851,3,1,3141,33.42211748578261,-112.12872660144953
6007,154 7th Dv,pending,201132,4,1,1973,33.508205517480064,-112.23091393479483
6008,666 Franklin Wl,active,277749,5,1,1272,33.51623457953815,-112.24382947545809
6009,730 California Vis,active,267968,5,2,3458,33.58295353247048,-112.00366811811374
6010,448 7th Pl,pending,154164,2,2,1151,33.45211167227896,-112.33723558379295
6011,61 8th Blvd,active,237693,5,3,1335,33.39022223718034,-112.28731926479921
6012,622 2nd Blvd,pending,132762,4,3,2679,33.570996238197715,-112.24059143239407
6013,201 1st Rd,active,164788,3,1,3201,33.500031066517096,-112.35955779295908
6014,383 Geary Rd,pending,193883,2,1,1765,33.43291014811563,-112.3042570389298
6015,758 7th Rd,pending,165616,4,1,3940,33.533234650591446,-111.90002474773735
6016,750 3rd Rd,pending,205884,5,2,1277,33.563955499823294,-111.8887238181831
6017,591 8th St,sold,168758,3,3,3362,33.55745241166262,-112.19389103781764
6018,345 Euclid Wl,active,270679,2,2,1429,33.38299972423571,-111.92569882939011
6019,570 8th Ave,sold,261107,2,1,2466,33.36568591120219,-112.04281748072118
6020,456 Post Blvd,pending,250178,3,2,1695,33.44932866994193,-112.03968230515895
6021,70 Post Wl,pending,267267,2,1,2250,33.4413205783254,-112.16775885745531
6022,481 Mission Rd,active,155331,4,2,1748,33.462287641186336,-111.9796432255605
6023,215 8th Rd,sold,285845,2,1,1719,33.59228827748308,-112.07359692961782
6024,633 Bush Cir,sold,239053,3,3,1707,33.58147664386686,-112.24956964373864
6025,136 Sutter Pl,pending,295610,4,1,1158,33.43870600766087,-112.15824979890102
6026,563 2nd Trl,pending,224558,4,2,2310,33.523508201106864,-112.34193230426696
6027,447 Walnut Pl,pending,201679,4,1,2953,33.440899129360204,-111.96831577186995
6028,302 Franklin Rd,active,206721,3,1,1505,33.55624675427902,-111.87394990629062
6029,382 Turk Cir,active,243694,2,3,3702,33.58311878635414,-112.12563951377422
6030,528 6th Blvd,pending,238584,3,2,1100,33.48044306749709,-111.95422130825486
6031,505 Walnut Cir,active,172590,3,3,3306,33.36284165475536,-112.26416470625675
6032,240 Wall Blvd,active,281182,4,1,2746,33.49427431087321,-112.12237811687278
6033,423 Geary Dv,pending,225070,4,1,3830,33.53142705264558,-112.11099116777487
6034,101 Pine Pl,sold,203380,4,1,2880,33.55319314887542,-111.92147335531598
6035,535 Pine Cir,sold,172354,3,2,3637,33.58552242307973,-112.18824021756075
6036,636 Walnut Blvd,sold,232452,3,3,2209,33.444693560489966,-112.00785788389918
6037,792 Page Dv,pending,110846,3,3,1936,33.36497533853302,-112.05137682476827
6038,723 3rd Rd,sold,104894,4,1,1645,33.53957732199407,-111.96229769111811
6039,623 Indiana Ave,active,183184,2,3,3141,33.54275797968856,-111.9569765215416
6040,438 Sutter Rd,pending,115144,4,2,1891,33.54337455296352,-112.34785745831934
6041,646 8th Way,sold,253964,5,1,1076,33.49731317674324,-111.9247512103112
6042,285 Franklin Ave,pending,248394,5,2,3252,33.471795823545115,-112.2022988696424
6043,318 Walnut Cir,pending,134038,4,2,3740,33.47725286430637,-112.01399994155813
6044,654 9th Trl,pending,299573,3,2,3642,33.37556097782134,-111.88973233869162
6045,438 Bush Way,sold,178611,2,3,1944,33.49250498420886,-112.27389849699661
6046,602 Euclid Vis,active,159330,3,3,3058,33.402147655748394,-112.29652998119596
6047,397 Indiana Pl,sold,191824,4,1,2736,33.497339850390894,-111.91955322762169
6048,47 Pine Cir,pending,107005,3,1,2147,33.561148419154,-112.23089676661822
6049,779 Mission Dv,sold,125650,2,2,1306,33.419734362463835,-112.2299983698689
6050,222 Blake Way,pending,165199,3,1,3914,33.45378717321503,-112.01657477074556
6051,329 Euclid Wl,active,248239,5,1,1750,33.59168061275008,-112.33415639145323
6052,327 Indiana Trl,active,208315,5,3,1712,33.37015203698843,-111.9940912207231
6053,679 Blake Rd,sold,195405,3,1,1555,33.55645066847401,-111.9987446158747
6054,454 9th Ave,pending,216135,5,2,1607,33.59046659003563,-112.01235266670064
6055,792 Blake St,active,269550,4,1,3609,33.43010189313126,-112.03235916498376
6056,496 3rd Cir,pending,127567,5,3,3315,33.43582177693739,-112.10204471926845
6057,738 Euclid Pl,active,233242,3,2,2966,33.50682973765769,-111.9405790604814
6058,797 2nd Trl,pending,248128,2,1,2267,33.39042895034724,-111.91646722664346
6059,785 6th St,pending,275385,3,2,1064,33.550102874705466,-111.91441197217699
6060,187 5th Cir,pending,226771,4,2,2484,33.515995795042826,-112.11608493970716
6061,656 Walnut Rd,active,281791,4,1,3581,33.55145236456697,-111.9896458201485
6062,233 California Wl,pending,175450,4,3,3248,33.42804185679335,-112.08228687889958
6063,121 Wall Cir,pending,230419,2,2,1386,33.530539909253434,-112.12241734750344
6064,619 Blake Vis,active,271859,5,3,3319,33.51022111641835,-112.08048025783708
6065,26 5th Blvd,active,273074,5,1,3647,33.455168979075715,-112.17660569395164
6066,471 Page Cir,active,249666,3,3,3802,33.57825822545412,-111.90105943193299
6067,259 9th Vis,active,288923,5,1,3107,33.55838371852513,-112.19402926375923
6068,527 Post Trl,pending,285488,2,3,3670,33.578036781550146,-111.99424023621657
6069,780 Turk Blvd,pending,241265,4,1,1771,33.48266835528888,-111.94201572635666
6070,702 Franklin Pl,sold,207036,5,2,3664,33.5023825955231,-112.16595165159775
6071,526 8th Ave,pending,172938,4,1,1962,33.59409963254043,-112.25634761933445
6072,612 1st Dv,active,166336,3,2,2618,33.4660545764702,-112.35152156265032
6073,595 Sutter Rd,active,162534,4,1,1992,33.592308158081025,-112.06742868062719
6074,603 7th Cir,active,232923,3,2,3218,33.463011885509964,-111.97363707736471
6075,507 Pine Rd,pending,142531,3,1,1758,33.51126020968255,-112.11084839550598
6076,502 Indiana St,active,167882,3,1,2998,33.57543942483803,-111.97576274831843
6077,135 Blake Cir,active,122392,4,3,3784,33.40134298693648,-112.24253505243013
6078,664 Euclid Pl,sold,227210,3,3,2755,33.58827546688856,-112.30279421352493
6079,249 Pine Cir,active,251549,2,2,1079,33.4311925506718,-112.25217207848627
6080,613 1st Way,sold,150507,5,3,1384,33.39071552612264,-111.93984468105234
6081,732 8th Trl,active,130821,5,1,1207,33.573972571343035,-112.24912625809351
6082,467 Turk Trl,active,267427,5,2,1829,33.41873170837957,-112.24252953724184
6083,400 Blake Ave,sold,191877,2,3,1320,33.3623971482271,-112.30311697409607
6084,602 Geary Wl,active,254712,3,2,1793,33.386742242998686,-112.03799105062085
6085,742 8th Dv,pending,120220,4,2,1586,33.54208485401645,-112.06953622587157
6086,359 Post Wl,sold,172159,5,2,3722,33.464933761057544,-112.08732342566404
6087,697 9th St,pending,216895,5,2,1677,33.53270373662901,-112.21810034539489
6088,35 Post St,sold,207426,4,2,2256,33.42686025778283,-112.27388688943084
6089,795 Sutter Vis,pending,107517,5,1,1852,33.549323810901946,-112.06989269665357
6090,686 8th Pl,active,292593,3,1,3553,33.56640111252596,-111.99453185983693
6091,576 Texas Blvd,pending,216834,2,1,2224,33.5119418870865,-111.96565089680638
6092,643 3rd Wl,active,195915,3,3,3127,33.5513485433266,-111.94214701054646
6093,234 Pine Rd,sold,236448,2,3,2041,33.59189376882008,-111.96216514719164
6094,201 Mission St,pending,146110,3,3,2707,33.39184675584324,-112.29518187122926
6095,89 3rd Pl,sold,192733,3,1,1052,33.5728416197465,-112.02880052417082
6096,188 7th Way,active,120740,5,1,3832,33.47717702985237,-112.34812229456693
6097,657 Texas Way,sold,263778,2,1,1047,33.488306888368,-111.97695044634911
6098,753 4th Dv,pending,237207,2,3,2652,33.420638137017896,-112.24882065062434
6099,155 Euclid Pl,sold,251509,4,2,1977,33.501225272600706,-111.89423203422142
6100,318 5th Vis,active,197371,5,2,2002,33.37343461208931,-112.07770576459032
6101,660 2nd Blvd,pending,209644,3,1,3109,33.59089881578142,-112.33307223278482
6102,625 Turk Vis,pending,144121,4,3,1753,33.37563978913373,-112.33654348243044
6103,230 Blake Rd,active,296772,3,1,1960,33.39873459236427,-112.2529726065357
6104,379 4th Trl,active,253182,3,2,1052,33.578788427390116,-112.16377506655978
6105,286 Post Trl,sold,284612,3,2,1492,33.44855255738721,-111.9992159180516
6106,176 Post Rd,sold,210135,3,2,2028,33.48883344784361,-112.09733465560348
6107,349 1st St,active,277003,4,3,1835,33.53067669797131,-112.01532354742285
6108,240 7th Trl,pending,261643,2,3,2484,33.585599679899545,-111.99670004545135
6109,358 Page Blvd,pending,262495,2,1,2005,33.427596517450866,-112.15462606564773
6110,565 Sutter Trl,sold,119364,5,3,1028,33.479914441414536,-111.90251506556208
6111,153 6th Way,active,100323,2,3,1084,33.361882751667366,-112.22596000926235
6112,338 Pine Pl,pending,252966,4,3,3831,33.53215651357865,-112.11264662890547
6113,762 Bush Wl,pending,216870,3,3,3776,33.37969046171999,-112.15387529290267
6114,506 7th Wl,pending,163096,5,2,1988,33.43725299134328,-112.16711500441781
6115,386 Blake Wl,sold,119673,5,2,3082,33.541070475569654,-112.1074565640815
6116,380 Walnut Dv,active,256105,3,2,1660,33.36663255005869,-112.1626150785307
6117,510 Mission Dv,active,134435,5,1,3703,33.41590101260517,-112.01025769307935
6118,262 Post Pl,pending,288382,5,1,3958,33.39174996018826,-112.01408098064164
6119,511 Texas Cir,pending,150590,5,1,2750,33.38493228647237,-111.88826540910856
6120,155 Page Dv,pending,295668,4,3,3410,33.39815023627194,-111.89981870634108
6121,689 7th Way,active,287298,4,3,1426,33.51932548878699,-112.24780777122571
6122,207 5th St,active,187297,4,2,1539,33.43523534349998,-112.08658741258509
6123,332 5th Dv,active,258138,2,1,1617,33.47282985269201,-112.34986686035195
6124,508 9th Ave,active,106503,2,3,1726,33.395561011462526,-112.3262952187851
6125,561 9th Dv,pending,195840,3,2,3242,33.557147281843456,-111.91763309237292
6126,431 Post Way,pending,279145,3,1,2072,33.55937926948287,-112.24176932012384
6127,211 6th Blvd,pending,157025,4,1,3655,33.528385864237215,-112.29007570508931
6128,633 Blake Blvd,active,198134,3,2,3130,33.528263114750615,-112.15216325292123
6129,649 Texas Dv,active,208309,2,3,1077,33.39171638079452,-112.28515114607303
6130,739 6th Vis,active,123064,2,1,2911,33.373325739336714,-111.94615758354684
6131,313 Euclid St,sold,290755,3,2,2349,33.52894403362743,-111.9859180108681
6132,255 2nd Rd,pending,175458,2,1,3621,33.49976950146139,-112.14934569745243
6133,628 7th Pl,active,294631,3,2,1431,33.52226224017436,-112.27260348088805
6134,276 6th Trl,active,165869,5,2,1593,33.555419657060526,-112.27879774662182
6135,782 Geary Ave,active,130737,5,2,2408,33.50165878303416,-112.00766226462505
6136,433 Wall Wl,active,225956,5,3,1945,33.41246830968477,-112.03326923618219
6137,424 4th Way,sold,195726,5,2,2789,33.37804207898966,-112.05681115204601
6138,533 Indiana Ave,active,255750,5,1,1218,33.404666158173235,-112.27149073365891
6139,390 Post Blvd,active,110741,2,3,1888,33.51083929365236,-112.28454135753327
6140,479 Mission Trl,pending,187665,5,2,2875,33.47543996229456,-112.10678214218711
6141,381 Sutter St,pending,139114,4,1,2001,33.55959431444194,-112.12677936890353
6142,744 2nd St,sold,107498,4,1,3750,33.55455845963817,-112.2753099829103
6143,608 1st Pl,pending,220260,2,2,1985,33.500443102534454,-112.26187694791852
6144,771 Euclid Dv,sold,270446,3,1,2465,33.55697520216337,-112.08179506901757
6145,52 Post Rd,pending,206525,5,1,1925,33.459385254989,-111.87353828345056
6146,79 Wall Trl,sold,224608,2,2,1006,33.42886163709064,-112.32454773333056
6147,91 9th St,sold,186915,3,1,3782,33.551398707892375,-112.2179907433008
6148,304 California Blvd,pending,117145,2,3,1872,33.40750991099924,-112.34266981567626
6149,146 Page Blvd,active,188933,5,2,1054,33.59350380404548,-112.15205671662491
6150,457 9th St,pending,167476,2,2,2463,33.55036591725676,-112.0071851991338
6151,587 Blake Ave,sold,207333,3,3,2429,33.55158054818053,-112.12704329970332
6152,302 Wall Blvd,sold,231633,3,3,1329,33.46220017573128,-112.2276523365221
6153,125 7th Pl,pending,133310,4,1,2053,33.389862289155865,-112.07757962659933
6154,669 5th Pl,sold,174896,5,1,1674,33.3787017140073,-111.94852841184621
6155,24 9th Vis,sold,195245,4,1,3494,33.4735793717235,-112.0005862172449
6156,293 Walnut St,sold,264349,3,3,2043,33.40590671536159,-112.25779341410245
6157,411 Indiana Wl,sold,171601,2,2,1760,33.459428524624535,-111.99917564703486
6158,691 3rd Cir,pending,207353,3,2,3553,33.49474668128532,-111.97953694034899
6159,662 Page Ave,sold,265285,5,1,3703,33.48165236930928,-111.98134164196046
6160,495 Page Dv,pending,113429,2,1,1801,33.448255173985714,-111.95424850074896
6161,229 Franklin Vis,sold,290937,4,1,3368,33.500735117333704,-112.23046225321697
6162,558 7th Trl,sold,220265,5,3,2207,33.47273142670626,-112.00925858376172
6163,567 8th Dv,sold,247677,2,3,1736,33.548480497788034,-112.34876167886432
6164,271 8th Wl,pending,297012,2,2,2368,33.57818436526769,-112.18800854823272
6165,770 2nd Trl,pending,144635,4,2,1937,33.41880840651264,-112.09564182291795
6166,476 Post Ave,sold,251836,2,1,2826,33.51153803007515,-111.9118436793257
6167,759 2nd Cir,active,196017,5,3,2532,33.37631965823929,-111.99474259926728
6168,635 Blake Rd,pending,146969,2,2,2525,33.431828079381425,-112.09804059326031
6169,573 6th Wl,sold,265451,3,1,2693,33.580914868865435,-112.09413142867452
6170,20 Sutter St,active,273037,5,1,1099,33.42687268163159,-111.97556033250947
6171,207 Wall Rd,pending,259157,2,1,3553,33.42286363199952,-111.88577672077162
6172,318 Post Pl,pending,162015,5,1,2210,33.41250881286265,-112.21287498976538
6173,19 2nd St,active,191924,4,1,2036,33.5755048350891,-112.05016403972388
6174,333 7th Trl,active,162150,5,1,3865,33.543629299086376,-112.12112685445076
6175,251 Geary St,pending,153927,3,1,2968,33.49259961325165,-112.2306215727381
6176,180 7th Dv,sold,279484,4,2,3394,33.443972192228074,-112.2360765029114
6177,780 Post Cir,active,247577,2,3,1321,33.52473667305809,-112.11141944795169
6178,372 2nd Blvd,active,218981,2,3,3453,33.568015368360655,-112.13379146060117
6179,610 Mission Blvd,sold,248332,5,1,3969,33.43543496904904,-112.28338351889475
6180,796 9th Wl,active,248073,4,1,2792,33.52917428891238,-112.28442716892482
6181,335 Wall St,active,273406,4,2,1888,33.49945514160497,-112.34660575556157
6182,261 1st Way,active,204062,3,3,2706,33.42669787733586,-112.2637383761881
6183,674 Bush Vis,sold,234163,3,2,3260,33.39861019550956,-111.9797943121271
6184,346 Mission St,sold,262362,4,2,3866,33.43518109519815,-111.98809491998144
6185,572 Texas Blvd,active,282123,2,1,2330,33.386517614619514,-112.10223409439861
6186,190 4th Pl,active,139044,4,1,2487,33.56130611723783,-112.02764733242157
6187,474 8th Vis,sold,141918,3,3,1713,33.566443802621514,-112.03242847392968
6188,28 Indiana Pl,active,286124,4,1,1826,33.58706634650291,-112.35141516209059
6189,758 8th Wl,active,199248,4,1,1994,33.41699660483462,-112.12008260089354
6190,391 Euclid Wl,active,189476,5,3,3747,33.42255837554659,-111.88418433573383
6191,687 Bush Wl,active,111961,3,2,1417,33.361364408686505,-112.07310931890261
6192,318 Mission Dv,pending,284506,4,2,3245,33.464805985789084,-112.13095849583922
6193,509 Geary Wl,sold,110708,3,2,2799,33.56437271009872,-111.91967311874865
6194,541 2nd Dv,pending,177284,4,3,2794,33.5938023903198,-112.01222441362155
6195,470 3rd Cir,active,153780,2,2,1173,33.45689582093831,-112.27970743052603
6196,387 Sutter Cir,pending,122571,5,1,3947,33.42861485644413,-112.26032408218617
6197,272 Franklin Vis,active,130194,4,3,3280,33.481747589367856,-111.98710953937274
6198,189 California Trl,pending,242881,3,2,2680,33.53961079799927,-111.90834619297785
6199,605 Texas Pl,pending,135391,3,3,2507,33.370724140448196,-112.30189130260207
6200,382 8th Rd,active,212215,4,2,2014,33.43296746599096,-112.22243142225756
6201,188 Post Vis,pending,177872,3,3,2866,33.53782342441753,-111.91613728364108
6202,263 Franklin Vis,sold,224049,4,2,3974,33.59124416468419,-112.09861712781823
6203,56 Geary Cir,active,169212,4,1,1019,33.5021244713259,-111.98229386082775
6204,278 5th St,sold,113633,3,3,1072,33.511988093516635,-112.31986391422332
6205,378 Post Ave,pending,181464,4,3,3934,33.52370911345763,-111.9912498119057
6206,597 Wall Blvd,sold,254907,2,2,1190,33.380147435530716,-112.33984636749787
6207,339 Euclid Cir,active,122364,4,1,1062,33.47044895806262,-112.292986989993
6208,446 1st St,active,221136,5,1,3572,33.47672032573576,-112.1187794073105
6209,101 Blake Dv,sold,299337,2,3,3091,33.36462958349003,-112.21146243874279
6210,726 Pine Blvd,pending,142665,4,2,1077,33.36363466271573,-112.13486149104772
6211,639 7th Blvd,sold,106189,5,1,1013,33.575008512091316,-112.31453728992717
6212,583 California Dv,active,287271,5,2,2839,33.54125097863535,-112.00234475226425
6213,124 Turk Cir,pending,286955,5,3,1214,33.47745151642429,-112.32417342189656
6214,641 6th Wl,sold,159790,3,3,2442,33.57624857240213,-112.21271700750255
6215,482 Page Ave,pending,165944,2,2,1025,33.53007368857087,-112.05969174954804
6216,93 Pine Rd,sold,169349,2,3,2688,33.36588409822247,-112.28424659804182
6217,138 8th Dv,active,188715,4,3,2911,33.50657507859549,-112.1013945220515
6218,131 Euclid Pl,active,204881,5,1,2273,33.495876463874914,-112.30756020278976
6219,71 6th Vis,sold,188456,3,2,1519,33.37812403457299,-111.90977142557482
6220,644 Geary Vis,sold,299310,3,1,2554,33.5639186500805,-112.13748468006835
6221,666 3rd Wl,sold,238945,3,2,3193,33.47399193494209,-111.88869371155818
6222,650 8th Trl,pending,276938,5,2,2475,33.48463019568993,-112.04893119477887
6223,509 Blake Dv,active,110871,3,3,2611,33.54665621709951,-112.1362189046559
6224,36 Mission Pl,pending,180343,5,2,3884,33.48659298334925,-112.0864126476878
6225,272 Mission Pl,active,134518,3,2,1435,33.447572367040294,-112.27108365252312
6226,80 1st Cir,sold,105955,2,1,3283,33.54224577837679,-112.08229344411774
6227,37 9th St,active,139480,5,2,3894,33.37931944500281,-112.0290777675196
6228,22 Post Ave,active,187767,2,2,1383,33.57992026016524,-112.20880617902556
6229,99 2nd Cir,sold,243382,2,3,1120,33.48445574434975,-112.16813523064344
6230,160 4th Dv,pending,296154,3,3,2377,33.573494213204796,-112.30038530847281
6231,312 Bush Pl,pending,147577,3,1,1069,33.41131643563329,-112.03096741718986
6232,466 1st Dv,sold,239959,4,3,2906,33.44856699183386,-111.91394659799502
6233,518 Blake Trl,pending,291594,4,1,2773,33.5612436107705,-111.90927629034557
6234,176 7th Vis,sold,102075,5,3,1228,33.5149407820398,-112.20956357498568
6235,150 Geary Dv,active,170366,5,3,1455,33.51564258227516,-112.02454864799454
6236,160 Bush Rd,pending,121065,2,1,2531,33.385875363496254,-112.33648747581675
6237,500 Indiana Dv,pending,124990,3,2,2355,33.371271135914434,-112.16479240497696
6238,627 6th Dv,sold,237216,3,3,1707,33.403644973504186,-112.16688475287465
6239,272 Bush Way,pending,205375,3,2,1227,33.583981787743156,-112.14013991056275
6240,562 Wall Cir,sold,253160,2,2,2837,33.412342405672284,-112.14528203313786
6241,142 2nd Wl,active,159648,3,2,1006,33.54465171425896,-112.08187654843987
6242,783 3rd Cir,active,215783,3,2,2925,33.49539526065742,-111.93668263409577
6243,672 Bush St,pending,164866,4,3,3772,33.41059155080609,-112.0419320941069
6244,559 2nd Blvd,active,284980,4,2,1437,33.53066671650093,-112.01327628178214
6245,456 8th Cir,pending,128658,2,1,3660,33.40249724117941,-111.88878115111012
6246,658 4th Dv,sold,145982,2,2,1602,33.40368945148465,-112.17004482933784
6247,761 7th Blvd,sold,174640,5,1,3594,33.428251834602676,-111.88247539665076
6248,53 Blake Wl,pending,115662,2,2,1537,33.51060103119863,-112.35901535949132
6249,31 Geary Ave,sold,179083,5,1,1277,33.46142831547928,-112.31739034735979
6250,502 Turk Trl,sold,296962,4,1,2668,33.40365677673532,-112.13050759779203
6251,590 8th Pl,active,141040,4,3,2089,33.42155121566161,-112.08169317688342
6252,163 Pine Trl,sold,235172,5,3,1961,33.47814396114279,-112.08158170612596
6253,456 Texas Blvd,active,222029,5,1,3176,33.46463641410989,-112.29296459798731
6254,496 Walnut Trl,pending,248462,3,1,2223,33.38466174348211,-112.33147879114371
6255,208 5th Vis,active,248039,4,2,1403,33.3629199706825,-111.91413234950438
6256,257 5th Way,pending,229822,5,1,3499,33.40779863893236,-112.06755361598792
6257,582 Mission Cir,pending,244068,5,2,3228,33.53510854537319,-112.11227308720522
6258,516 Walnut Cir,sold,193716,3,1,1704,33.50625441346504,-111.97803990059893
6259,36 Franklin Dv,sold,165044,4,2,1088,33.388457718203334,-112.2398861552413
6260,154 Mission Rd,sold,117699,4,2,3339,33.56874701810749,-111.94371168135012
6261,629 Post Pl,pending,153993,5,2,1093,33.480822197045406,-112.3031921655094
6262,23 Euclid Vis,active,120902,5,3,3947,33.470209550085244,-112.05303502209823
6263,312 4th Ave,active,224549,3,2,2376,33.446182280044994,-111.88452555890974
6264,470 Post Rd,active,207466,3,1,2824,33.38657544759865,-112.14174579278534
6265,387 Bush Way,active,205961,5,1,3449,33.49050347465634,-112.26491598027661
6266,291 Post Way,pending,276815,3,3,1075,33.36469575433447,-112.34618088806748
6267,260 Walnut Vis,sold,291669,2,2,1579,33.487399167825465,-112.28628181411264
6268,373 6th Trl,active,236928,5,2,1344,33.476527789704676,-111.96572700300113
6269,157 Walnut Dv,active,147161,3,1,1935,33.537283854229905,-112.17913178976643
6270,28 Blake Cir,pending,211551,4,1,1728,33.58610638458395,-112.24594475964734
6271,389 5th Cir,pending,101646,5,1,1509,33.38233638777925,-112.05166598963068
6272,484 Pine Ave,sold,244961,2,2,3781,33.481981466060425,-112.11575942405045
6273,378 Texas Rd,sold,150170,3,3,3921,33.50532211383265,-112.1680890410706
6274,35 Page Cir,pending,111400,2,1,3181,33.47009346803747,-111.9634722394048
6275,184 4th St,sold,255779,5,1,2979,33.37124777041922,-112.1871121646573
6276,258 9th Wl,active,258249,2,1,1513,33.57353281328655,-112.32372838289655
6277,311 Mission Pl,pending,208210,4,3,3288,33.52846485521958,-112.11628393992409
6278,40 Geary Trl,active,266142,5,1,2359,33.507673629272496,-112.12246510970033
6279,164 Blake Cir,active,271953,2,1,2667,33.4405870182512,-111.88566730975977
6280,79 6th Way,active,120710,5,1,1435,33.57784494810433,-111.9091242467865
6281,554 9th Ave,active,190218,2,1,1660,33.399538720502385,-111.99466505133056
6282,284 2nd Rd,active,232654,4,1,2873,33.573127665374564,-112.31563775157441
6283,74 Blake Dv,sold,131566,5,3,2530,33.39325021101998,-112.09815323068753
6284,163 Euclid Vis,pending,217468,4,2,2751,33.45427168680542,-112.0002192011434
6285,696 7th Cir,pending,140652,3,3,3837,33.385043005917524,-111.88074460414262
6286,451 Texas Ave,active,102936,4,1,2289,33.55087285629321,-112.14576498949927
6287,18 2nd Pl,pending,274645,3,1,2683,33.415810198341624,-112.23156387291185
6288,732 Sutter Ave,pending,164695,2,1,1108,33.50161770678924,-112.2729530486778
6289,779 Bush St,active,210210,2,3,1613,33.39160670983974,-112.3485441233232
6290,170 Franklin Dv,sold,203112,5,2,3580,33.419231568082004,-111.97974262586835
6291,776 Walnut Dv,pending,232643,3,1,1347,33.48951761964423,-112.28868548715549
6292,316 Euclid Way,sold,292932,5,3,3946,33.389371506277,-111.88349727975044
6293,10 5th St,active,103020,5,1,1773,33.43572186847728,-111.87277062005481
6294,10 3rd Blvd,pending,257010,5,2,2858,33.57950390047498,-112.3101504479268
6295,538 Bush Cir,pending,232938,3,2,3104,33.42791374371303,-112.33378794643203
6296,145 9th Blvd,pending,292899,2,2,3009,33.42121669554311,-112.00826234007052
6297,568 Sutter Blvd,active,244637,5,2,1072,33.3975515804524,-112.22736874527939
6298,504 Indiana Pl,sold,169663,3,1,2897,33.40725834247285,-112.1978868257904
6299,790 Bush Way,pending,291016,5,3,2235,33.42348905666987,-111.97588828928201
6300,446 Page Way,sold,180773,3,3,2892,33.4894450780131,-111.90745521974037
6301,742 Bush Vis,active,241858,2,1,3331,33.423967150033,-111.96215744186475
6302,227 Blake Ave,pending,294158,5,2,2296,33.585259213401805,-112.0480137124281
6303,757 7th Ave,active,289805,2,1,2171,33.51788463939165,-112.3494535163707
6304,40 Post Trl,active,103210,4,3,3816,33.5034449683886,-111.89235743164988
6305,627 Sutter Wl,pending,185180,3,2,1175,33.56701472782787,-112.2527327359243
6306,519 2nd Way,pending,154157,4,2,1912,33.57839862776129,-111.98126786241006
6307,526 Turk Dv,pending,238532,4,2,1959,33.59266304357267,-112.02454812209892
6308,179 6th Vis,pending,145780,4,3,2469,33.52855480478777,-112.24154462987654
6309,466 Franklin Dv,pending,206158,2,2,2165,33.428784992368946,-112.00915572013933
6310,215 Blake Pl,active,293044,3,3,3465,33.52017853264918,-111.96509190008645
6311,759 Turk Blvd,active,245365,2,3,3481,33.54680895788654,-112.14693379027814
6312,617 Indiana Pl,pending,279664,2,1,2879,33.53565779148137,-112.0788286866571
6313,462 6th St,pending,223977,3,3,2719,33.58161501479147,-112.27881098117759
6314,214 Bush Dv,sold,240743,5,1,2056,33.45889711084888,-111.97803193272182
6315,585 Turk Ave,sold,252037,4,1,1115,33.38623125950118,-112.32889391404485
6316,91 Post Pl,sold,176362,5,1,2687,33.56449613664486,-112.02780896714312
6317,388 Pine Rd,active,242585,2,1,2519,33.370907663718995,-112.32168741042055
6318,139 9th St,pending,157880,3,3,2492,33.395950255423685,-112.32265703350791
6319,460 Geary Pl,active,263356,3,3,3144,33.54515235884933,-112.31243028071157
6320,219 Franklin Blvd,pending,259131,2,1,1295,33.39497120001855,-111.93819465769042
6321,617 Sutter Rd,active,282025,4,2,3755,33.430193221469665,-112.13088312508529
6322,163 Turk Dv,sold,250558,2,3,1090,33.551653914000276,-111.90313177675895
6323,307 Turk Rd,active,122135,4,1,3185,33.39768859659741,-112.17388781968207
6324,57 1st Ave,pending,140925,3,2,1099,33.419558893393464,-112.33357114175166
6325,31 Mission Trl,active,138837,3,1,1365,33.55981348570036,-112.25676542784436
6326,83 Franklin St,active,266262,2,2,2995,33.43614437160173,-112.29915946981235
6327,18 Post Blvd,active,282890,3,3,1242,33.50040282599806,-111.95370991073773
6328,685 8th Blvd,sold,216675,3,3,1622,33.54144070253446,-112.30293834390014
6329,727 Bush Ave,sold,211307,5,1,3062,33.38978896417465,-112.20739312024013
6330,739 1st Wl,sold,261397,4,2,1437,33.51105460771052,-111.9220905660211
6331,735 Sutter Rd,pending,139081,5,1,1968,33.573741421487235,-112.19532358792573
6332,780 Texas Vis,pending,159014,2,2,2134,33.55376823994054,-111.90193359185287
6333,185 Geary Way,active,275033,4,2,1181,33.38879977427465,-112.2262861701285
6334,636 California Pl,sold,210867,5,3,3082,33.39395667026623,-112.15084658588995
6335,354 Blake Dv,sold,148119,2,3,1073,33.47888596123836,-111.9102677750178
6336,156 Indiana St,sold,117538,3,1,2808,33.361628045017625,-112.30254800355837
6337,521 5th Blvd,sold,159222,4,2,1131,33.47154480648522,-111.94356145262499
6338,723 3rd Cir,sold,269289,3,3,3361,33.47089675199772,-111.88337089897469
6339,282 Bush Trl,active,197183,4,1,3108,33.430715413361746,-112.08924512187275
6340,606 2nd Blvd,active,159698,4,1,2480,33.43934815966522,-112.24500845146581
6341,768 Bush Cir,pending,275167,3,3,1523,33.54105094795172,-111.97506371833856
6342,789 5th St,pending,257187,5,2,3872,33.50564802400913,-112.28183171747702
6343,307 Geary Pl,active,244341,2,3,3478,33.480501570273766,-111.9142045029192
6344,145 7th Ave,pending,194272,3,1,1862,33.44520236806939,-112.29543230434369
6345,110 Texas Ave,pending,107602,3,1,2936,33.49119005674681,-112.2585458795087
6346,402 Pine Pl,pending,242561,4,1,2970,33.53870485481616,-112.07949528958471
6347,330 Pine St,pending,221880,5,1,3508,33.38456938821112,-112.19679619073662
6348,429 Bush Rd,sold,190391,4,1,1183,33.418717139389905,-112.13273393049376
6349,675 Franklin Dv,active,218913,4,2,3153,33.564872535986666,-112.03328448755495
6350,406 4th Pl,pending,134045,3,1,1658,33.567845693990456,-112.28369182211514
6351,95 Franklin Way,active,193357,2,1,2190,33.575899525970044,-112.35849725828942
6352,51 7th Trl,active,238920,5,1,1586,33.49643543911722,-111.91270635187709
6353,507 Geary Pl,pending,233163,3,2,1289,33.577570878787455,-112.08254877457993
6354,549 2nd Blvd,sold,115555,2,2,3772,33.3845042463533,-112.16132073267953
6355,294 Franklin Ave,sold,108244,3,3,2825,33.380586053140824,-112.25541798935768
6356,267 Pine Vis,pending,242860,4,1,3555,33.40198496829916,-112.02271071424028
6357,151 Sutter Blvd,sold,122871,4,3,1543,33.55159423267564,-112.07293814914253
6358,118 1st Ave,active,167985,4,3,3229,33.37766931627404,-112.08378441680226
6359,429 2nd St,sold,281831,2,3,2117,33.422640416630365,-112.01101996526519
6360,11 Euclid Rd,pending,180589,3,1,2827,33.36364865417145,-112.30817933925854
6361,679 Pine Ave,active,163463,5,1,2527,33.38610461726055,-112.07230795396455
6362,800 Indiana Way,pending,105225,2,3,3215,33.40081850601729,-111.99123570655166
6363,32 Mission Trl,sold,199089,2,1,1442,33.563774290781154,-111.91802994752179
6364,57 4th Rd,active,256765,2,2,3041,33.584760951200714,-112.34848975007446
6365,127 6th Wl,active,240912,3,3,1585,33.590773541122154,-111.90836678530407
6366,12 1st Ave,sold,127481,4,3,1166,33.410563803849904,-111.95916015826407
6367,655 Texas Dv,active,219529,5,3,3501,33.501616156502436,-112.3001676029096
6368,263 Indiana Cir,active,281152,5,2,1216,33.42650911813863,-111.98822082971132
6369,252 Pine Blvd,sold,125794,5,3,1735,33.48554642400434,-112.32284281736924
6370,701 1st Rd,pending,182835,4,3,3705,33.3716805395751,-112.10020292145079
6371,147 6th St,sold,292155,2,1,3734,33.550607440380624,-112.0171184182976
6372,321 Walnut Trl,active,123871,2,3,3052,33.45851757138324,-112.0127306412588
6373,611 2nd Ave,active,137220,3,3,3004,33.538970060960956,-111.96991151453614
6374,152 Walnut Rd,sold,282060,5,1,1827,33.38614184517588,-111.91063126809145
6375,169 3rd St,active,101464,2,3,2898,33.45654165617304,-112.29038874091364
6376,172 7th Pl,active,115539,3,1,3377,33.57420301049614,-111.89388625702118
6377,707 2nd Cir,active,296686,3,1,1058,33.59107182352665,-112.1981604779595
6378,523 Euclid Ave,active,274219,2,1,3815,33.45574144225983,-112.15779988027418
6379,355 Mission Dv,pending,277090,5,2,2311,33.44946466396571,-112.21097250784447
6380,375 Post Dv,active,149708,3,1,2720,33.41176910808103,-112.05967411505956
6381,25 Wall Rd,active,266156,4,1,2992,33.47715031690598,-112.07524642905983
6382,494 Texas Dv,active,167841,5,3,3396,33.497012623910436,-112.13285821157606
6383,676 Texas Blvd,sold,209591,4,1,2959,33.4772113300852,-112.25419987324298
6384,500 Blake Ave,sold,121743,5,1,2011,33.51105295240781,-112.1581345474456
6385,530 2nd Blvd,pending,160635,3,3,1543,33.53313067380633,-111.89098815118389
6386,18 Texas Rd,active,232173,3,2,1432,33.56089768962413,-111.94654782153476
6387,422 California St,sold,252701,2,3,2167,33.492700683542395,-112.21485539809368
6388,617 Mission St,active,211018,5,1,3664,33.572042641729716,-112.10092103995899
6389,74 Indiana Dv,active,143775,4,2,1157,33.48005344319571,-111.89957594446186
6390,434 Walnut Pl,sold,252408,2,2,2695,33.37808089128609,-112.11307027272589
6391,611 Blake Dv,sold,142518,2,2,3818,33.51134683940021,-112.33379834102207
6392,774 Euclid St,active,145640,4,2,2259,33.505007561836585,-112.33072608097392
6393,684 5th Dv,pending,226840,2,1,2900,33.552483861669984,-112.15675738932289
6394,23 Page St,active,122056,3,2,1077,33.390628378720486,-112.22325291104553
6395,338 Walnut Blvd,sold,196206,4,1,1044,33.44686593141843,-111.89917816417962
6396,623 Texas Ave,active,230329,3,3,2739,33.41134111743192,-112.35974604636213
6397,273 Post St,pending,231402,5,1,3188,33.46796639065702,-112.33970090889585
6398,322 California Wl,active,272955,3,1,1731,33.56927262763604,-112.05649849074196
6399,331 Bush Rd,pending,214387,2,3,3305,33.39849082437702,-111.94859287452795
6400,688 6th Rd,active,112600,3,3,2890,33.570441532497995,-112.11161642329218
6401,480 Mission Rd,sold,113916,5,3,3650,33.50994090583266,-112.15886761816466
6402,411 Walnut Pl,pending,218512,3,1,3483,33.563935420780965,-112.15256210902612
6403,573 Walnut Vis,sold,258495,3,1,3512,33.53087239960507,-112.23649294562075
6404,322 California Vis,pending,236071,4,3,3033,33.4133989336875,-112.22583504874787
6405,150 California Wl,pending,199854,4,3,3442,33.457625404006365,-112.33282507934466
6406,316 Franklin Pl,sold,168162,2,2,3701,33.48132768151755,-112.07694057257356
6407,578 2nd Vis,pending,132362,5,2,2031,33.45137044865978,-112.32366310915862
6408,785 3rd Dv,sold,202788,3,2,1705,33.58921598196944,-111.9786787731557
6409,349 Texas Trl,sold,169545,4,3,1096,33.520469834022144,-112.16599847121387
6410,722 Post Dv,active,169552,3,1,3848,33.583172479804354,-112.06195845480849
6411,766 Turk St,sold,248555,5,3,1193,33.53194844315145,-112.06135718798792
6412,656 Blake Cir,sold,185881,5,1,1422,33.55338626019901,-112.08302787313015
6413,231 Mission St,pending,201679,2,2,1872,33.385412273475,-112.00741621619254
6414,727 Turk Wl,sold,116069,2,3,1262,33.45994623902202,-111.87630210068552
6415,88 5th Dv,active,188744,4,1,1500,33.452972899387845,-112.28668563336666
6416,559 9th Cir,pending,151387,4,1,1488,33.515631796369725,-112.02417710461751
6417,694 Turk Cir,active,284917,2,3,2705,33.4225905614188,-112.02480230924868
6418,741 Wall Dv,sold,191691,3,2,3508,33.56061625948112,-111.9674569171685
6419,258 Geary Cir,pending,289674,2,3,1724,33.51277464882491,-112.34939616010574
6420,763 5th Cir,sold,220296,2,3,1366,33.473558369139525,-112.11240962646531
6421,397 Sutter Ave,active,201317,5,2,3778,33.391473773325934,-112.19544719463983
6422,285 Pine Way,pending,217074,2,1,2081,33.56790867759044,-112.24147606580257
6423,406 8th Cir,pending,202264,3,3,1683,33.42294655813567,-112.15092044550991
6424,546 Wall Pl,pending,155298,4,1,1512,33.465640079958305,-112.32604394684239
6425,739 5th Dv,active,261372,3,3,1022,33.50783302179185,-112.10635564289854
6426,122 Post Way,active,119415,4,3,1180,33.571107208916175,-112.14453806967454
6427,417 Walnut Ave,active,144740,2,2,2575,33.56530374024889,-112.25162060794582
6428,731 California Blvd,active,107054,4,2,2138,33.568956586731495,-111.88572765656401
6429,221 Bush St,pending,210530,2,1,1026,33.38756536740931,-112.00197366376977
6430,382 Mission Pl,pending,158744,4,2,1461,33.528426543016145,-111.92830118808033
6431,556 Turk Rd,sold,115287,5,3,2141,33.541630812730794,-112.302371844787
6432,410 4th Vis,pending,158418,3,2,1046,33.404802787253644,-112.00347898048601
6433,213 2nd St,pending,215190,4,3,1471,33.505585855985984,-111.98887144186205
6434,725 5th Blvd,pending,219294,3,2,3427,33.54009215135883,-112.02540812554584
6435,294 9th Vis,sold,260297,2,3,3092,33.48781480522448,-112.19356126596853
6436,342 1st Dv,pending,293938,4,1,2297,33.54591740956901,-112.35923850004195
6437,247 7th Dv,active,146499,4,3,2558,33.46360516047398,-112.3348914795449
6438,277 2nd St,sold,151464,5,2,2609,33.529969184339905,-111.97878320139696
6439,150 8th Blvd,active,124041,5,2,1881,33.3936830330185,-111.98565726536026
6440,555 Mission Vis,active,247857,4,1,3423,33.5376432251211,-112.29924507216784
6441,265 Pine Way,sold,151655,5,2,2071,33.375704160729484,-112.15295059247623
6442,695 Post Cir,sold,217067,5,3,3512,33.493120995471116,-112.31991297141171
6443,178 5th Wl,active,257321,2,2,1537,33.58819564538404,-111.95716438265542
6444,533 California Rd,active,207428,2,2,3609,33.5603314171131,-112.30640292449387
6445,304 Geary Cir,pending,151441,5,3,1225,33.534931040036106,-112.29443074748907
6446,635 Post Ave,active,223748,2,3,1327,33.55187425777677,-112.04930933808687
6447,794 Page Trl,pending,244739,2,1,3291,33.45485128313035,-112.2410337349272
6448,203 Franklin Wl,sold,129285,2,3,2036,33.37122474573697,-112.30768728319944
6449,711 Wall Dv,active,284749,4,2,2175,33.58121762405174,-112.22386755344372
6450,265 2nd St,sold,294300,2,3,2928,33.3899077989135,-112.33018465769989
6451,452 Blake Dv,active,129579,4,1,2910,33.52127466758036,-112.11603630726589
6452,249 Post Vis,active,173384,4,1,2926,33.4259829611477,-111.977606929361
6453,90 3rd Vis,active,210964,2,1,2003,33.39831192303829,-112.32885766383257
6454,660 Bush Wl,active,118322,4,1,1608,33.56035399438386,-112.21786179679309
6455,264 Walnut St,pending,175282,4,2,2775,33.40602183697952,-112.18278799441046
6456,735 5th Vis,active,228419,4,1,2317,33.47119594501247,-112.20759821180968
6457,327 9th Pl,active,251675,2,2,3935,33.41816461731973,-112.23759938384893
6458,536 8th Blvd,pending,298650,2,1,1448,33.522563893996704,-111.98126699500749
6459,604 Mission St,active,232351,3,3,2992,33.37076926843439,-111.88752369341803
6460,210 5th Ave,active,184186,3,1,1241,33.511468763721226,-111.96527381323237
6461,688 Pine Dv,pending,237124,3,3,3063,33.503405123275435,-111.96205597966548
6462,618 Texas Cir,pending,230411,5,3,3705,33.52561436461074,-112.34405002336314
6463,289 Post St,active,286366,4,2,2027,33.55866808153406,-112.32430463175437
6464,414 3rd Blvd,sold,142592,3,2,1456,33.44762677275177,-112.11697184608991
6465,491 California Pl,pending,178090,3,1,1767,33.42746757033325,-112.0568685074518
6466,476 Walnut Wl,sold,148186,3,3,3799,33.404752069199205,-112.251840993845
6467,78 Blake Vis,pending,181880,3,1,2534,33.550621650700144,-112.293453326393
6468,113 Geary St,active,141411,5,1,2022,33.4521899053164,-111.88411919081842
6469,78 Pine Pl,active,249095,4,2,3745,33.4620016122491,-111.92121909905589
6470,91 California Vis,sold,189561,2,1,1064,33.37829215226658,-111.90148301753199
6471,49 3rd Blvd,active,128526,4,2,3616,33.514760928087014,-111.95500606845638
6472,407 Geary Blvd,active,143079,4,1,1780,33.437875500004196,-112.11288965503171
6473,405 Blake Dv,pending,163396,2,3,3316,33.4509465317222,-111.96177461382622
6474,645 9th Cir,active,252812,2,2,3363,33.43168096730079,-112.30173293716841
6475,69 Post Wl,active,233390,4,3,1993,33.52491479690815,-112.16718543905534
6476,581 Bush Way,active,250510,4,2,2423,33.534560549962194,-112.1511463627838
6477,584 1st Vis,active,272069,3,3,2161,33.5478670536605,-112.21018977689833
6478,244 6th Dv,pending,102191,4,3,1121,33.5550533487168,-112.08824651102763
6479,312 Geary Trl,active,191117,2,3,1018,33.39809871355739,-111.96095824658053
6480,16 Page Way,active,150639,3,1,1710,33.572326964195014,-112.20433147362982
6481,676 Geary Vis,active,168961,2,3,2462,33.52947352790129,-112.04736163872589
6482,23 Page Way,active,294433,2,3,1549,33.55451689718982,-112.33215457599128
6483,773 3rd Trl,sold,281461,3,2,2364,33.37483585983797,-112.0058459646999
6484,94 Bush Blvd,sold,235732,2,2,3723,33.45604164716436,-112.265162766092
6485,539 6th Blvd,active,145972,3,1,1136,33.592878384862914,-112.1481243843152
6486,33 6th Cir,pending,251929,3,2,2104,33.55044003043134,-111.9617437645614
6487,332 Franklin Dv,pending,276686,5,2,2634,33.48027070283364,-112.11971501895921
6488,574 Franklin Way,sold,274906,3,3,1330,33.52154566103839,-112.23416733096659
6489,581 Blake Wl,sold,271855,2,1,3595,33.4231988043034,-112.30941125864712
6490,563 Blake Way,sold,100384,3,1,1557,33.47419361881955,-111.96335256736383
6491,95 Bush Pl,pending,189024,3,1,1204,33.58163435052159,-111.87560333379189
6492,761 Geary Pl,sold,235508,5,1,3325,33.52321241056649,-112.17908517437432
6493,273 6th Cir,sold,293621,5,1,3920,33.40660755123317,-112.2024174599136
6494,502 3rd Dv,sold,271855,3,2,2375,33.4070847888973,-112.03708471821854
6495,45 Post Wl,pending,166486,5,1,3543,33.53573171336891,-112.05128322501442
6496,611 8th Ave,sold,291745,5,2,3706,33.515595717135874,-112.19203963662572
6497,262 4th Rd,pending,223546,3,1,3180,33.43137879347058,-112.04069278906337
6498,119 Pine St,active,144971,4,2,3173,33.454747814051856,-112.29346066685713
6499,369 Blake Blvd,pending,115421,3,3,3923,33.57218155268736,-111.99895054899397
6500,394 Franklin Blvd,pending,145414,4,3,1507,33.380885529323834,-112.01007153548363
6501,140 2nd Rd,pending,156405,2,1,2927,33.408133123200834,-112.15542260578722
6502,676 Indiana Ave,pending,165468,4,1,1089,33.45092326698849,-111.88704640024464
6503,469 Franklin Way,active,207040,5,1,1625,33.58245770108335,-112.10458495186715
6504,136 Turk Pl,pending,231170,3,2,3668,33.54131017022865,-112.03316409403583
6505,258 3rd Dv,sold,279911,2,1,1107,33.42005689389463,-112.22698581759832
6506,100 2nd Ave,active,139974,5,3,2251,33.46249970496195,-112.13739771516971
6507,523 Geary Vis,pending,109379,3,2,3890,33.39541561714088,-112.21052789808896
6508,500 Geary Blvd,sold,193298,2,1,1382,33.37274990035903,-112.19912473748002
6509,557 Blake Rd,sold,232725,4,1,3397,33.549886496627416,-112.0208841114846
6510,133 8th Rd,active,111847,2,2,3315,33.38813282243423,-112.03782493059151
6511,298 4th Pl,active,210326,3,2,3219,33.42104508556998,-112.0298530585875
6512,324 7th Wl,active,257024,2,1,3269,33.38072883686822,-111.87924111036884
6513,405 1st St,active,241113,2,1,3499,33.59185300516456,-112.01398984589144
6514,183 4th Rd,pending,134409,3,3,2713,33.361848614226346,-112.17159633813549
6515,451 4th Cir,active,183996,4,2,3603,33.42771605183586,-112.28334870381828
6516,137 7th Wl,sold,161861,3,3,2165,33.40460451422856,-112.11766751992691
6517,243 Page Vis,sold,160186,5,3,3851,33.394368894809986,-112.04097571723223
6518,737 6th Pl,active,262241,3,3,3182,33.50413214465539,-112.19857543770442
6519,427 Bush Way,sold,268048,4,3,2636,33.39301799155576,-112.35897204551742
6520,328 6th Rd,sold,113161,5,2,2695,33.507397933523976,-112.3078882854045
6521,127 3rd Rd,active,293691,3,1,2529,33.522260178493234,-112.31950639182674
6522,333 Walnut Cir,active,169057,4,3,1312,33.37166108187857,-111.87909871400828
6523,298 Mission Wl,pending,296625,3,3,3064,33.57084736644121,-112.1267746970969
6524,798 Walnut Rd,pending,284059,2,2,1873,33.50945416365863,-112.0035615663508
6525,749 2nd Rd,pending,262155,5,2,1300,33.587795166659156,-111.89587184386166
6526,80 6th Pl,active,264887,2,2,3667,33.39974212274288,-112.00463010441113
6527,144 8th Wl,sold,104337,4,1,3065,33.42769082064311,-111.94792732846861
6528,404 9th Vis,sold,120616,2,2,1868,33.57522949358687,-112.35392814149405
6529,328 5th Wl,pending,144261,5,3,2403,33.525345891904195,-112.2374095255942
6530,335 Franklin Trl,sold,256998,4,3,1538,33.44884338880281,-111.93647934693888
6531,561 9th Cir,pending,147522,3,2,2036,33.39049413145163,-111.89456010234643
6532,290 Turk Dv,sold,250785,4,3,3971,33.525783679509786,-111.88644123838469
6533,780 Sutter Dv,active,110242,4,1,2774,33.39835304949392,-111.91718313108683
6534,384 Bush Trl,active,214833,5,2,2862,33.41456109901656,-112.33651586343721
6535,125 Euclid Cir,active,153860,2,2,2169,33.51621298994601,-112.22636470981494
6536,389 Wall Vis,sold,299655,2,1,2061,33.37924104821657,-112.21500404284625
6537,661 Turk Wl,sold,210159,4,1,1990,33.51562504179934,-112.1230499498019
6538,14 6th Trl,pending,238004,2,1,2369,33.513536945115476,-111.91073894742148
6539,584 6th Ave,pending,107878,5,1,1071,33.371119336628446,-111.96919839600724
6540,666 Texas Ave,pending,261757,5,1,2778,33.449838977927215,-112.076234405555
6541,217 Blake Ave,pending,292260,5,1,3381,33.578524964164025,-111.92082308015416
6542,504 6th Way,sold,227387,4,3,2876,33.45855821367079,-111.889824018709
6543,440 Bush Pl,active,232309,5,3,1149,33.51765918370541,-112.25678723932444
6544,461 8th Wl,pending,299255,3,3,3631,33.50180399669708,-112.09859125263715
6545,307 Geary Blvd,active,128269,5,2,3672,33.47927521017914,-111.98262786587158
6546,749 2nd Blvd,active,274755,2,3,3116,33.5678353755211,-111.88125258801023
6547,704 Geary Way,sold,112665,2,2,2271,33.46596846056852,-111.89749635181751
6548,354 2nd Dv,pending,155416,4,2,1370,33.384414572520065,-112.16764524994367
6549,293 Indiana Wl,active,140548,3,3,3124,33.47304482346995,-112.13963833954912
6550,102 Geary Vis,active,106702,5,3,2301,33.37968016736011,-112.08115236154713
6551,387 Wall Dv,sold,199212,4,3,1202,33.46398126854085,-111.95883370139721
6552,39 2nd Ave,pending,279617,4,1,3000,33.542247182831076,-112.04825235412075
6553,548 6th Pl,sold,223317,5,3,1257,33.555607956570285,-112.04264650734157
6554,91 Bush St,sold,223084,3,3,3575,33.54854647043155,-111.91342402862558
6555,146 1st Vis,pending,246993,3,2,1730,33.37038762370802,-111.89822020267115
6556,176 Franklin Way,active,214026,3,1,3076,33.49496981906788,-112.06989827171697
6557,199 3rd St,sold,227299,3,3,3409,33.517459202085284,-111.94709658943728
6558,14 Geary Cir,sold,283894,3,2,2189,33.37440320920874,-112.3585261272804
6559,289 California Ave,active,288873,5,2,3593,33.54249068362025,-112.24024722503925
6560,339 Post Trl,active,195064,2,3,2186,33.573474957714986,-111.93590051104846
6561,644 Geary Ave,sold,108794,4,1,2396,33.578229343197414,-112.00995704216092
6562,505 8th Way,sold,160447,5,2,3682,33.43542818855877,-111.99333936318321
6563,719 Franklin Vis,pending,192269,2,2,3439,33.397325988729555,-112.28954906361169
6564,27 4th Rd,sold,260410,3,3,2548,33.58349975590383,-111.895821820036
6565,651 Mission Trl,sold,211137,5,3,3298,33.41694860601776,-111.96549694848628
6566,535 Page Cir,pending,225953,3,1,1305,33.51836314718972,-112.15290287520924
6567,574 7th Rd,active,120790,2,2,2822,33.44676807196522,-112.11178486142438
6568,797 Blake St,pending,171060,2,3,2236,33.56487846647685,-112.28767885222695
6569,759 Geary Wl,active,153091,3,2,3785,33.424463608175444,-112.35821537945792
6570,257 Walnut Wl,pending,111251,5,3,3762,33.39611137735045,-112.1083203399541
6571,140 Franklin Wl,pending,167872,3,1,2605,33.407191078571465,-111.93065568009436
6572,653 4th Vis,pending,267309,3,2,2198,33.500197598322856,-111.94523582276118
6573,132 Geary Way,sold,242727,5,1,3564,33.40160633090063,-112.35780123059146
6574,437 1st Blvd,active,254762,5,3,2126,33.553142688994036,-112.11415646236998
6575,39 8th Blvd,sold,295288,5,2,1721,33.39896434618873,-112.17018149956978
6576,420 Indiana Dv,pending,222234,2,2,2560,33.57941151950871,-112.26437711093928
6577,449 Franklin Wl,active,122667,2,2,2066,33.38771261106974,-111.88728526033658
6578,156 8th Trl,pending,262051,2,3,1661,33.452508417122445,-112.11542291978475
6579,200 7th Ave,pending,251823,4,2,2084,33.486597480699245,-112.21244389419972
6580,24 6th Blvd,pending,160312,4,3,1884,33.5411358409193,-112.0291825884666
6581,697 California Trl,sold,135390,4,3,2176,33.59221178325325,-111.98121812507098
6582,784 3rd Dv,active,137983,3,1,3433,33.57703423497952,-112.02589500718402
6583,612 Pine Cir,sold,217895,4,2,2088,33.42761174947663,-112.07897311423851
6584,619 California Rd,sold,156429,5,3,2747,33.42727438948945,-112.12820723118311
6585,68 Indiana Ave,pending,147765,3,3,1995,33.52858362217566,-112.26605259957716
6586,52 Page Cir,sold,106614,4,1,1325,33.56241146569108,-112.28853697624822
6587,215 1st Dv,pending,268405,3,2,2898,33.431187920340136,-111.96415677075838
6588,115 California Way,active,142401,2,1,2594,33.509864117282646,-112.00565384923824
6589,547 4th Way,active,230619,2,1,2820,33.40276494919411,-112.34552182243503
6590,369 Texas St,sold,115799,2,1,1032,33.52905645557231,-112.06230845268934
6591,222 5th Dv,active,216164,3,3,1365,33.54290416832882,-111.93636460869755
6592,584 Post Ave,sold,117128,4,2,2287,33.414365920609924,-112.02079906321076
6593,88 5th Way,pending,231598,2,3,2289,33.418015539594506,-111.99245439801753
6594,617 Turk Vis,sold,236283,4,3,3030,33.48812348906738,-111.87574609109113
6595,429 4th Rd,sold,155898,2,1,2448,33.40366488646305,-112.13471385517676
6596,613 7th Pl,active,259445,3,2,3723,33.4364974502963,-112.08563967521019
6597,643 Mission Dv,active,193145,3,1,3330,33.446935572931054,-112.17441137021342
6598,763 Blake Wl,active,190678,4,1,1428,33.37884898852984,-112.31575507163153
6599,72 9th Cir,active,276919,2,2,2399,33.47388337265519,-112.21879948121884
6600,375 Turk Dv,pending,101767,3,1,2006,33.58498703088607,-112.13630281096093
6601,53 Wall Dv,active,227951,3,2,1712,33.59071037972019,-112.1650519185452
6602,613 Geary Rd,pending,243556,5,2,2637,33.376708634757904,-112.03871640892973
6603,361 4th Blvd,active,180215,2,3,3977,33.561565600957,-112.32710112286614
6604,367 Post Rd,sold,187532,5,2,3709,33.47449771366594,-112.20524722135079
6605,532 5th Blvd,sold,171690,5,1,3964,33.540344632526725,-112.21553579344888
6606,614 4th Way,pending,130633,2,3,2156,33.52235645186967,-112.28799195022987
6607,182 1st Vis,active,222486,2,2,3042,33.56410648595932,-111.90602880968136
6608,105 Indiana Trl,pending,287001,2,1,3513,33.481657642873515,-112.235145156126
6609,606 Blake St,active,293458,5,1,2875,33.52394730423789,-112.22321421359761
6610,231 Indiana Rd,pending,126026,5,3,2058,33.518591102483434,-112.03273088506376
6611,144 5th St,active,222472,2,3,1833,33.46404337447989,-112.26976375710818
6612,29 Indiana Wl,pending,225515,2,2,3968,33.59374701597493,-112.04103689047096
6613,360 5th Way,pending,288963,5,3,3055,33.50270570773241,-111.95867971791792
6614,47 Post Ave,active,198914,2,3,2199,33.53225631995473,-112.23005749516656
6615,371 Mission Trl,sold,240226,2,3,1044,33.42354170546119,-112.07825721592386
6616,723 Blake Cir,pending,184814,4,3,3036,33.47595928249971,-112.2264231096895
6617,139 Pine Trl,sold,212329,5,1,2388,33.51928467943967,-112.0437246031871
6618,224 7th Vis,active,219177,5,2,3972,33.39752258366042,-111.9662511865798
6619,169 1st Trl,pending,222104,4,3,1682,33.40155202922448,-112.28491528643927
6620,497 Franklin Way,active,215252,2,2,1714,33.39570037240275,-112.28821223444952
6621,504 3rd Blvd,pending,190240,3,3,3590,33.43017998579296,-112.33205411939628
6622,27 3rd Pl,sold,284863,5,1,2687,33.3771456448046,-111.91290543495444
6623,656 Walnut Rd,pending,107587,3,3,3214,33.530350383500696,-112.2768012761117
6624,777 Texas Blvd,pending,289600,3,2,2869,33.565862612315435,-112.19136884995079
6625,509 9th Ave,pending,148000,3,2,3742,33.486801494138454,-111.91721647358867
6626,226 6th Wl,sold,120089,5,3,3371,33.49920888882998,-112.22989288285015
6627,422 9th Vis,sold,176777,2,2,2623,33.560777187613176,-112.15791408681308
6628,400 Bush Trl,pending,220672,3,2,2918,33.385950686349325,-112.29653375954994
6629,292 1st Way,pending,187218,4,3,1701,33.52584161636529,-112.10878562452204
6630,588 Sutter Blvd,sold,209973,5,1,3701,33.570178072974194,-112.1756180943334
6631,130 Blake Blvd,pending,145973,2,2,1346,33.49900906050333,-112.1722837119317
6632,721 8th Ave,sold,196819,4,2,1341,33.585199843401234,-112.01957301888605
6633,618 7th Wl,active,187977,2,2,1427,33.38675897244401,-112.26996751072619
6634,406 Page Rd,sold,185078,5,3,1378,33.44233075534062,-112.08325385692964
6635,552 2nd Blvd,sold,234296,3,3,3985,33.421143960659954,-112.0170915194963
6636,138 Blake St,sold,140488,4,1,1755,33.40719416155038,-112.12424971272098
6637,766 Euclid Blvd,sold,155553,3,2,2137,33.48767594635695,-112.18850620193622
6638,406 Turk Wl,active,141361,4,2,3522,33.526373327146956,-112.15119356045999
6639,240 Franklin Vis,sold,180292,2,1,1650,33.54495580364415,-112.06513235187609
6640,695 California St,active,273670,3,2,2545,33.4501080084484,-112.34468453396298
6641,760 California Rd,active,131716,2,3,1461,33.509898547483665,-111.91318740893402
6642,182 Mission Ave,active,113702,4,1,3258,33.48760894617164,-112.33304253404407
6643,387 Walnut Trl,pending,198903,2,3,2806,33.53885390392275,-112.1517042897766
6644,86 Blake Trl,sold,240064,2,2,3724,33.515710171211374,-112.20182017849996
6645,757 Franklin Pl,pending,296471,3,2,1441,33.3767765204537,-111.97873047083172
6646,696 3rd Pl,pending,139317,3,1,2706,33.55549407984923,-112.19843706869672
6647,53 Geary Rd,pending,266734,2,3,3649,33.52042566042715,-112.1595875743782
6648,700 7th Ave,active,269784,3,2,2493,33.562953240727346,-112.26279856459897
6649,52 7th Wl,sold,113921,5,2,3862,33.375230296752456,-111.93444263131529
6650,532 Franklin Pl,active,232272,4,2,3738,33.460922248225714,-112.07736787080408
6651,475 Franklin Dv,active,167802,4,3,3276,33.405114540730324,-112.1304659272886
6652,35 Indiana Trl,active,271027,5,2,2031,33.52402570152126,-112.16926721868705
6653,468 Euclid Cir,sold,145276,4,3,3136,33.51649108025991,-112.22345047260227
6654,729 1st Vis,sold,173465,4,2,1895,33.36167300545582,-112.27605127232378
6655,592 1st Blvd,active,276577,3,3,2681,33.386263270267825,-112.02288894657302
6656,105 5th Rd,pending,298688,2,2,1872,33.38804147576179,-112.28545696090333
6657,116 Geary Dv,sold,215616,5,3,2796,33.39209581327194,-112.30078739318674
6658,726 Texas Vis,active,263539,3,1,1849,33.42068112014519,-112.20224214039675
6659,521 Post Vis,active,198561,3,3,3080,33.47576110332262,-112.2189385480259
6660,479 5th Trl,pending,249945,3,2,3387,33.569674257692455,-112.16706476088095
6661,194 Geary Ave,pending,283734,5,2,3235,33.546583302392754,-111.97038923509388
6662,42 8th St,sold,160043,4,3,3527,33.52473540135396,-111.91879927486538
6663,612 Mission Blvd,active,168829,4,2,3067,33.457334851009485,-112.06940531754512
6664,212 Page St,active,133438,5,2,2766,33.41510802262434,-111.97250491100647
6665,112 5th Blvd,sold,273558,3,2,3650,33.5138949061408,-111.9337687953022
6666,550 Geary Wl,sold,184496,4,3,1591,33.4424534144633,-112.31490998752994
6667,738 Wall Cir,pending,271489,3,1,2122,33.52021393861841,-112.22684762619862
6668,647 Texas Pl,sold,140210,4,2,1977,33.491182828537355,-112.02835806626565
6669,546 Post Vis,pending,225955,5,1,2091,33.57109296896756,-112.26688142941119
6670,597 Sutter Ave,pending,284338,2,2,2190,33.57921473571034,-112.32754176197867
6671,180 2nd Way,pending,129446,2,3,1737,33.47977883237876,-112.25728162728076
6672,128 Sutter Dv,sold,169348,5,2,3774,33.52827718401175,-112.20976248399863
6673,315 Walnut Vis,sold,207244,4,1,1356,33.39690953463367,-112.32270421598878
6674,612 Indiana Wl,sold,175855,3,2,2439,33.377882859140726,-112.01623195575547
6675,314 Blake Ave,pending,271716,3,2,1122,33.56431112513368,-112.26219062961479
6676,650 3rd Vis,active,213529,3,3,1718,33.39729238156151,-112.236573915221
6677,410 Texas Cir,sold,241769,5,2,3669,33.59346838626255,-111.91507006047077
6678,492 5th Wl,sold,156596,5,2,3570,33.51619774452693,-112.23147195080597
6679,459 8th Trl,active,124107,4,3,3568,33.45343022220583,-112.19008436270603
6680,766 2nd Ave,pending,152197,3,3,2745,33.451710360941554,-112.20124032513182
6681,513 Euclid St,active,225387,2,2,2822,33.39259395968976,-112.18230590436524
6682,646 Texas Pl,pending,160807,5,2,3366,33.57574586817619,-112.32742872948012
6683,249 3rd Blvd,pending,146159,3,1,3615,33.414664252870224,-112.2609230867436
6684,18 Post St,pending,145481,3,1,1520,33.37160226196783,-112.16411363076152
6685,500 Indiana Cir,sold,297926,4,2,1898,33.5400244681455,-111.9432803998583
6686,372 Wall Vis,pending,262561,2,2,3845,33.51751807906198,-112.32995765030505
6687,690 Walnut Trl,active,115176,4,3,2947,33.44863265112975,-112.03697015530159
6688,631 5th Way,pending,161499,4,1,1149,33.59237981290701,-112.2553072159024
6689,291 Euclid Ave,pending,169731,3,2,2598,33.5323865588332,-112.2887979698362
6690,44 Franklin Dv,sold,204263,2,2,3616,33.56814227629615,-111.91198660996331
6691,486 Indiana St,pending,143927,3,1,2466,33.4309647196654,-112.26026448244075
6692,302 Mission Way,sold,131088,3,3,3954,33.37495570598757,-112.1896303784748
6693,564 2nd Pl,active,147289,2,3,2282,33.362806531222674,-112.31834374329769
6694,389 Pine Dv,active,112267,2,3,3205,33.38296813469358,-112.2341689631158
6695,211 8th Pl,pending,261023,2,2,1914,33.55175631695504,-112.00886313619885
6696,36 Euclid Trl,sold,289688,3,3,3654,33.36914347645509,-112.00248292694013
6697,420 4th Vis,pending,229863,3,2,1248,33.525627125387466,-112.16904498134869
6698,354 Texas Cir,active,100671,3,2,1646,33.54024814639805,-112.12173230584774
6699,415 Mission Way,pending,143918,5,2,3292,33.58628847600413,-111.94165205836622
6700,558 Bush Cir,active,264823,4,3,1533,33.40764864700401,-111.97085604230492
6701,139 California Dv,sold,257191,4,1,1404,33.362939001416024,-111.95213189465868
6702,338 Pine Dv,pending,183504,5,3,2235,33.393751494767066,-112.0365768597173
6703,233 8th Cir,sold,207123,4,2,3146,33.452102367846166,-112.26225245645296
6704,427 9th Way,active,136788,4,1,1766,33.4676512806487,-111.94733843960628
6705,312 Page Ave,pending,250254,2,3,3006,33.588787613537576,-112.3601251332702
6706,160 7th Trl,pending,241927,3,1,1834,33.40829652579966,-111.95525089123451
6707,369 9th Wl,pending,280063,3,1,2789,33.400867757268756,-111.89002915351763
6708,477 Indiana Cir,active,286885,4,1,3346,33.50200739061313,-112.28440957030354
6709,227 Blake Trl,pending,243718,3,3,3097,33.5897057647483,-112.03937086449119
6710,665 9th Ave,active,144886,2,2,3853,33.374295966199135,-112.16473293822627
6711,712 2nd Trl,pending,100917,5,1,3526,33.5904064435834,-112.06767679739606
6712,379 Turk Rd,pending,193767,3,1,3218,33.42007190107762,-112.08236905599365
6713,416 Sutter Blvd,sold,165469,5,2,1598,33.47701301235806,-112.14720422749967
6714,651 Sutter Blvd,sold,153928,4,1,3165,33.50497983663664,-112.31071800677255
6715,547 5th Pl,sold,216001,3,3,3294,33.424083014222454,-112.15745996253848
6716,437 2nd Vis,pending,134762,5,1,2458,33.56323252061867,-112.21411637772786
6717,37 3rd Wl,active,118631,2,2,3882,33.49833469615081,-112.26708721943352
6718,85 Mission Dv,active,138231,5,2,3584,33.475570409413926,-112.10190193625891
6719,158 Mission Way,active,291379,5,2,3100,33.45907489865824,-112.07607603897968
6720,619 Mission Dv,active,171341,4,2,1090,33.40305140890048,-112.01231310798022
6721,162 Franklin Dv,active,185068,2,3,2806,33.42913355327966,-112.14595932609022
6722,346 Wall Trl,active,179151,5,3,1858,33.420042901616085,-111.97591008446493
6723,728 Bush Pl,active,214700,3,3,3951,33.384744624170956,-112.19525209669489
6724,394 Euclid Way,sold,111082,3,1,3228,33.38303809263642,-112.21705959653144
6725,708 Blake Trl,sold,202556,2,3,2509,33.53844568257412,-112.17266783375769
6726,467 8th Pl,active,206381,2,2,3767,33.549606547224045,-112.34200179323894
6727,562 Texas Trl,active,151031,3,3,2042,33.500490429999296,-112.10613902673839
6728,794 Indiana Trl,pending,239291,2,3,2920,33.438485411165125,-111.94737844726907
6729,562 4th Blvd,pending,235539,4,2,1594,33.49432428850569,-112.14005639744684
6730,713 California Cir,pending,274724,4,3,3546,33.56237961676956,-111.89255878495206
6731,385 Post Vis,active,172025,5,2,3181,33.43134852942249,-111.90083515852862
6732,388 7th Ave,active,204011,3,3,2668,33.498343919413045,-112.34221370921993
6733,515 Indiana Blvd,active,257914,3,2,1386,33.55839003849806,-111.95103559911175
6734,715 Geary Pl,pending,256815,4,3,1505,33.515053631657096,-112.30245608281462
6735,389 Turk Trl,sold,196124,2,3,1210,33.51086861177806,-112.18319860880739
6736,443 1st Trl,pending,226286,4,3,2901,33.56290773909804,-112.33290136519346
6737,604 2nd Trl,pending,157907,4,2,1518,33.42628641844388,-112.27098528111527
6738,492 Euclid Wl,active,174430,4,3,2698,33.58535219169146,-112.28724941518108
6739,357 Turk St,active,124279,2,2,1944,33.4505748407249,-111.98147682277036
6740,348 Bush Dv,pending,122375,4,2,1135,33.50875456449495,-112.10996024491988
6741,306 3rd Wl,pending,247903,4,2,3186,33.468158359834625,-112.34551967831143
6742,727 California Dv,active,121539,2,2,1941,33.44489724642587,-112.19269886304684
6743,288 5th Rd,pending,247666,5,2,3446,33.36613039876175,-112.11482239529205
6744,377 4th Trl,active,184198,3,1,3659,33.5856956357719,-112.13885202382687
6745,698 1st Blvd,pending,257275,2,1,1973,33.461871337251154,-112.07240655959988
6746,630 Walnut Dv,active,263913,2,2,3326,33.468750433908326,-112.35801220914202
6747,306 3rd Blvd,active,160489,2,3,2990,33.472778527876415,-112.2819786935791
6748,755 3rd Dv,pending,216878,3,2,1758,33.57657074719511,-112.18202625322996
6749,651 3rd Pl,sold,106639,2,2,3105,33.54161827877923,-111.98328386023702
6750,150 4th Dv,pending,259145,5,1,3155,33.44163001481208,-112.27993331429327
6751,232 Texas Cir,active,139050,2,2,3111,33.38343282948417,-112.02026419929345
6752,727 3rd Blvd,sold,259806,2,2,1860,33.53749807539638,-112.34985815206053
6753,438 Texas Blvd,pending,178309,2,2,1854,33.58442522378763,-112.24737896013222
6754,170 9th Ave,pending,255281,3,1,3264,33.511121635492955,-111.88378507284027
6755,320 3rd Pl,sold,275333,2,2,2720,33.521841307932405,-112.3306158606698
6756,53 Blake St,sold,101046,5,3,3984,33.386372116320935,-111.8956367221959
6757,693 Bush Blvd,pending,234636,2,1,3414,33.49267428822682,-112.1053767938501
6758,466 Mission Pl,active,144737,5,2,2824,33.47478145969532,-112.1065230168118
6759,91 Turk Wl,sold,164542,4,2,1466,33.501315044184174,-111.88842109639137
6760,378 9th Blvd,sold,293918,3,2,1690,33.46745121303868,-112.28126050213837
6761,321 Euclid Trl,active,215822,4,1,3321,33.55181927612894,-112.3073813250748
6762,142 2nd Rd,active,235143,2,3,1441,33.37801065711905,-112.22354493261408
6763,419 California Way,sold,187121,3,2,1706,33.504853375660325,-112.14711124892605
6764,486 Geary Dv,sold,232373,3,3,3242,33.41703634870508,-112.35545871285662
6765,351 8th St,pending,123878,2,2,1922,33.54232423272452,-112.08179262246871
6766,190 Mission Trl,active,236368,4,2,3158,33.36533680513008,-112.01349841950717
6767,629 Post Trl,sold,153838,2,2,1395,33.45361765991475,-111.94570329231432
6768,763 6th Vis,active,235920,2,3,3296,33.48531757624986,-112.18773489535617
6769,57 Wall Trl,sold,231968,3,2,2210,33.579461994321434,-111.87531880138933
6770,505 1st Ave,active,120376,5,3,3979,33.586539943355994,-111.95174203497432
6771,670 6th Trl,pending,117198,3,3,2967,33.46113020550793,-112.30986457318707
6772,21 Turk Wl,pending,228901,5,3,3924,33.501254792360264,-111.97223747023817
6773,393 Pine Blvd,sold,256723,2,1,1848,33.47201196470508,-111.94238362584734
6774,529 4th Rd,pending,244853,5,2,2537,33.58491179799512,-112.05578988045274
6775,757 Walnut Vis,pending,217786,4,2,2994,33.502874263055546,-112.1125306207894
6776,160 Turk Ave,pending,224900,4,1,3244,33.592144640357645,-112.06178474130499
6777,498 Page Pl,sold,297860,4,1,3848,33.39616760933487,-111.88013920228842
6778,531 Euclid Trl,sold,208285,2,1,2235,33.519295267244914,-112.29664990857168
6779,536 Euclid Trl,sold,246907,5,1,3247,33.40964485358508,-112.07060865807355
6780,567 7th Pl,sold,221926,4,2,1283,33.47644121333066,-112.06435668567467
6781,751 1st Vis,sold,149257,3,2,3404,33.41249205056954,-112.35140110116748
6782,587 Sutter Rd,active,268793,4,2,2965,33.37868972626286,-112.33769774824002
6783,244 Texas Cir,active,236556,5,1,2035,33.447514574833484,-112.00545248609266
6784,244 Page Blvd,sold,284852,4,1,2741,33.52804975686628,-112.28999682164557
6785,777 California St,sold,183345,3,2,1377,33.410940704928294,-112.23388353942974
6786,795 Bush Pl,sold,286028,3,3,2862,33.52961875299188,-112.25077246250822
6787,156 2nd Wl,sold,168947,5,3,3221,33.41042981071509,-112.33079337115636
6788,51 Blake Cir,active,179744,5,3,2713,33.52824503740453,-112.23501112561486
6789,338 Walnut Pl,pending,281067,2,1,1500,33.50627689030223,-112.33678189480042
6790,586 Texas Way,active,263584,3,2,1551,33.374981978415235,-112.17858744460321
6791,17 Walnut Vis,sold,280308,2,2,3010,33.39680981593512,-112.32214856729603
6792,653 Sutter Rd,sold,215640,5,2,3319,33.38933716629767,-112.19297315385131
6793,61 Pine Pl,pending,155620,2,2,1343,33.51901190501397,-112.25479691297775
6794,84 9th Blvd,pending,140969,3,2,2377,33.48437956396564,-112.2261748915222
6795,476 Pine Way,sold,189152,2,3,3091,33.47216801491818,-111.91887506087419
6796,654 Walnut Blvd,sold,278014,2,3,2451,33.572759615032645,-112.23968290993014
6797,48 4th Trl,sold,247728,5,1,3972,33.539246176118056,-112.15732984905557
6798,476 Mission Vis,pending,248446,4,3,1470,33.561890281265654,-112.26145478192846
6799,35 Texas Trl,active,194534,4,1,2226,33.57168814949737,-111.96829123286209
6800,512 Wall Vis,pending,253297,3,3,1176,33.37019530261438,-112.14399601350874
6801,665 Geary St,sold,217940,3,1,2987,33.57663208382989,-112.03932973605593
6802,134 2nd Vis,pending,236113,3,1,2623,33.445174937719884,-112.1670753502143
6803,77 3rd Ave,active,294017,2,2,1447,33.50713029530779,-112.17183866623624
6804,549 1st Blvd,sold,280200,3,3,3223,33.376619548146685,-112.16462735230084
6805,67 Post Dv,pending,296985,3,1,2727,33.37083688855218,-112.29948669036023
6806,757 Bush Wl,sold,178266,2,3,1257,33.54195878303097,-112.21690974469448
6807,379 Bush Rd,sold,230326,5,3,1259,33.574167601739646,-112.22311586305091
6808,352 California Trl,active,182776,3,1,1124,33.58532615249779,-112.01656110691994
6809,796 1st Ave,sold,287906,3,3,1551,33.46145122085658,-112.28342793062379
6810,704 9th Dv,sold,148931,5,1,3534,33.37043258565577,-112.26969067166229
6811,177 8th St,active,255142,4,2,2605,33.373770571152804,-111.9297415725943
6812,464 Page Ave,sold,118084,2,2,1824,33.55326489084258,-112.10665882115926
6813,249 2nd Blvd,sold,118921,4,3,1938,33.372204484160015,-112.15416715565807
6814,302 2nd Ave,pending,111881,2,1,3788,33.53448034410194,-112.10446685660217
6815,427 Page Cir,pending,110361,3,3,3750,33.519430091850644,-111.91290831016872
6816,460 4th Ave,pending,120466,5,2,3207,33.45924868197141,-111.95194948035395
6817,677 1st Vis,active,219548,4,2,1849,33.458586309158996,-112.35073583615201
6818,424 Texas Rd,active,299760,3,2,3770,33.537120529319395,-112.25399684099318
6819,97 1st Ave,pending,151251,2,2,3238,33.537565065784214,-111.99149949330707
6820,399 Bush Blvd,active,214661,4,1,3820,33.37489743840151,-112.14941615578883
6821,707 2nd Dv,active,256867,3,2,3390,33.445097480428736,-112.17864438439106
6822,589 8th St,sold,261313,5,3,2741,33.477473155914794,-111.93157071503894
6823,124 California Cir,pending,122483,2,2,1722,33.56094957345368,-112.35838887402717
6824,713 Sutter Dv,sold,282287,3,2,3819,33.503742053078305,-111.88988047839713
6825,173 Indiana Wl,active,195691,3,2,2616,33.443486875438836,-112.21311716441166
6826,79 8th St,pending,169782,5,1,2468,33.388755744644904,-112.35203553764818
6827,675 Geary Blvd,sold,290604,2,1,1375,33.383561499984715,-112.11087258601674
6828,663 Euclid Trl,active,277149,4,2,2772,33.40290018996057,-112.14943270362896
6829,641 2nd Wl,pending,190287,5,3,3880,33.37374237683971,-112.25938447956658
6830,542 Page Pl,pending,164090,2,2,1197,33.42996939650841,-111.91762510484446
6831,83 8th Trl,sold,192522,3,3,1986,33.45490357253808,-112.3350454917375
6832,481 Indiana Dv,pending,246237,4,1,3521,33.42294351198228,-111.93739205696981
6833,110 Wall Rd,sold,195442,2,3,3471,33.559098270989395,-112.3312214038831
6834,397 Indiana Ave,sold,154997,3,1,1962,33.46934290494472,-112.03391307487637
6835,29 Blake Dv,pending,136641,3,3,1980,33.46996831088472,-111.88863262492481
6836,544 Turk Pl,pending,224631,2,2,2383,33.559243500347236,-112.25787133098036
6837,578 9th St,pending,115075,2,1,2689,33.567110988270045,-112.22439556883064
6838,441 5th Ave,active,167060,5,3,3849,33.49743476848295,-111.87558698294455
6839,647 7th Wl,sold,119315,3,1,3646,33.58728513538225,-112.00058141692196
6840,201 Euclid Vis,pending,225095,5,1,1152,33.539558122479,-111.90692741596399
6841,518 4th Blvd,pending,292545,4,1,2862,33.58604279895695,-112.06989110546226
6842,322 9th Wl,active,177422,3,2,1958,33.487481149728204,-111.99669610096208
6843,245 Bush Wl,active,201603,4,1,1019,33.388130681786954,-112.32608751196632
6844,508 Post Trl,active,294423,4,1,3995,33.56547928690665,-112.15092887636072
6845,303 Pine Dv,pending,202371,4,3,3845,33.43907877478139,-112.2988056965479
6846,613 2nd Cir,sold,216903,3,3,2480,33.465525945055745,-112.24419507114312
6847,538 1st St,active,105382,4,1,1882,33.59348221224125,-112.22715752347922
6848,522 Pine Cir,sold,226007,3,3,2718,33.56480719803146,-111.95835610485345
6849,131 Bush Pl,sold,257080,3,3,3242,33.473341650155106,-112.1086090760143
6850,654 7th Pl,active,129088,2,3,3246,33.450741967009,-112.22380705378345
6851,70 Sutter Cir,active,209599,4,1,3759,33.50812258010656,-112.12306329715952
6852,68 Geary Pl,active,257283,2,1,3121,33.51902819428309,-112.2607671891861
6853,449 Indiana Cir,sold,103834,2,1,2864,33.4037175230239,-112.02003284568515
6854,67 Wall Ave,pending,109320,5,2,3506,33.513075013765615,-111.93621623099062
6855,153 Blake Ave,active,180008,3,3,1453,33.582140286706824,-112.28593502708995
6856,741 Pine Wl,pending,119860,4,1,1980,33.38788082231694,-112.1689672044171
6857,96 Euclid Pl,pending,113059,3,3,3329,33.38455195689084,-112.00004427380738
6858,514 Blake St,active,240711,5,1,2442,33.43377226199799,-112.22907706503209
6859,480 9th Dv,pending,180972,2,3,2641,33.53972510994167,-112.09391826943865
6860,102 California Rd,sold,207279,2,3,1983,33.410988924972116,-112.33032628831617
6861,504 5th St,pending,242832,3,3,3432,33.49412373853229,-112.03685659625788
6862,278 1st Vis,pending,172837,4,1,1142,33.45394080728959,-112.0692935915432
6863,426 Mission Rd,active,138535,3,1,3533,33.42352222032145,-112.26356152744066
6864,437 6th Way,pending,175414,3,2,2312,33.43703835613779,-112.10607811117869
6865,495 Sutter Wl,pending,157204,3,1,2047,33.49081672579418,-112.12967315508705
6866,693 Wall Dv,active,217962,5,2,2723,33.42724387961336,-111.95435433314778
6867,152 Wall Pl,active,256984,4,3,3934,33.41055186767451,-112.2880508287196
6868,300 8th Vis,sold,237258,4,1,2882,33.39158283580664,-112.08214639172928
6869,356 Euclid Ave,active,238688,5,3,2236,33.467104220777586,-112.2296910375288
6870,190 Post St,sold,107724,4,3,2265,33.45080698202497,-112.1885134368489
6871,48 Blake Trl,active,256004,4,1,3951,33.47984190444525,-112.25802930490931
6872,592 2nd Wl,active,113594,5,1,2271,33.44240319432633,-112.0687345678388
6873,565 Franklin St,pending,260878,4,1,3248,33.4291035001128,-111.89837467798037
6874,631 6th Blvd,sold,204997,2,1,1599,33.39589876790286,-112.1619429864358
6875,299 Euclid Way,pending,203778,3,3,1294,33.49783342055807,-112.1721527322398
6876,337 Blake Dv,sold,292875,2,2,3444,33.454116762418494,-112.35298189753082
6877,310 Euclid Rd,pending,277765,2,1,1200,33.36485230231064,-112.10482501160651
6878,355 Bush Blvd,pending,106902,2,3,3380,33.50331687356456,-112.02395588155035
6879,478 7th Cir,pending,294698,2,3,2214,33.48060218346678,-112.18603017809052
6880,224 Euclid Dv,active,259200,2,3,2999,33.57824640587305,-111.95381137725003
6881,266 9th Wl,pending,263675,2,2,3577,33.50616587051703,-112.14527465709105
6882,665 Texas Blvd,active,273084,5,1,3378,33.37656533990765,-111.89571417163458
6883,198 Texas Way,pending,170448,4,1,1832,33.44486945501351,-112.23206439013643
6884,273 Turk Trl,active,113761,5,2,1363,33.492497872251434,-112.23869761950475
6885,702 Wall Rd,sold,108622,3,3,2793,33.50958979536066,-112.12745173702919
6886,74 7th Cir,pending,187084,3,2,2435,33.55014181493557,-112.3099707439407
6887,692 3rd Pl,pending,142210,2,3,3512,33.564671231191625,-111.98417677115206
6888,523 3rd Way,active,131420,5,1,1949,33.49179503697019,-112.2067681374406
6889,41 Pine Vis,pending,222340,3,2,1461,33.5494031340184,-112.21274999208751
6890,677 Wall Vis,pending,219737,5,3,2649,33.44290030394225,-111.94010912712936
6891,231 Turk Ave,active,193171,4,2,1665,33.375040713143655,-112.27134790505119
6892,727 Mission Cir,pending,127862,3,3,3100,33.44774879541876,-112.32574805103407
6893,691 Turk Vis,active,173776,3,2,1039,33.38236611513419,-112.29579431715119
6894,639 4th Dv,active,281580,3,2,1981,33.590951140225584,-111.97624065000569
6895,69 6th Cir,sold,211069,3,1,1181,33.56226093222174,-112.05748727840648
6896,705 5th Cir,pending,262921,4,2,2363,33.39205685406917,-112.1143574048394
6897,769 Geary St,active,142043,5,2,3871,33.49777941870488,-112.301624704058
6898,617 7th Wl,pending,103088,2,1,2631,33.515157881055906,-112.15170673665813
6899,32 Geary Pl,sold,164461,5,2,1343,33.49861802447286,-112.1687351499631
6900,662 Blake Trl,pending,165980,3,3,1652,33.4537511872138,-111.9610283121609
6901,315 8th Way,pending,237424,5,2,1858,33.395388693744316,-112.3529278464008
6902,442 3rd Rd,active,269179,4,2,3230,33.44540564797385,-112.18578116113137
6903,519 4th Blvd,pending,210200,2,3,1941,33.44476625012569,-112.08547749242197
6904,503 2nd Trl,sold,238809,5,1,3637,33.46350300942903,-112.10713048696373
6905,118 6th Dv,active,124428,3,1,1541,33.55843908563471,-112.01998385626139
6906,778 3rd Pl,sold,112474,2,1,1369,33.48802280520439,-112.07413857680369
6907,209 Page Ave,pending,100756,3,1,3747,33.529641882879865,-112.213943375128
6908,267 Pine Ave,sold,193324,3,2,3815,33.40372338127052,-112.19663336818043
6909,284 Turk St,sold,187709,3,3,1254,33.509430141225536,-112.10056981755527
6910,157 7th Cir,active,288985,4,1,1885,33.51884085656626,-112.15401381811742
6911,678 Indiana Pl,pending,277316,3,1,3792,33.54340821062415,-111.93482205932881
6912,718 Euclid Rd,active,278268,5,2,2086,33.461211056502464,-111.88575986177456
6913,787 8th Way,pending,290693,2,1,2082,33.49469650088842,-112.06729102978241
6914,29 Turk Vis,pending,169709,3,3,1362,33.49286381251317,-112.1111977599241
6915,395 Wall Ave,sold,135441,5,3,2913,33.466379066560876,-112.1092498405555
6916,599 Franklin Dv,pending,264746,2,1,1131,33.3665089001231,-112.08521776846061
6917,152 Page Dv,pending,184611,2,2,2637,33.3658304732108,-112.11071651255803
6918,341 Bush Trl,active,276105,3,3,1446,33.472514095102106,-112.24894877453728
6919,627 Euclid Dv,active,156068,4,2,2510,33.498034853760345,-112.35487758139764
6920,639 Euclid Dv,pending,293949,4,3,2067,33.38290885803821,-112.18518641813269
6921,561 Franklin Blvd,pending,140198,3,2,3232,33.43899268591963,-112.1512954829667
6922,753 Blake St,sold,288857,4,2,1660,33.47079032094529,-112.07655968768799
6923,658 Mission Rd,active,188370,5,3,1636,33.543517911760695,-112.04740731266956
6924,158 Post Blvd,pending,259389,4,3,2522,33.416825452392025,-112.02552665191799
6925,481 Franklin Way,sold,163277,4,1,1467,33.521715695696344,-112.08701108570416
6926,310 1st Rd,sold,279418,5,2,2554,33.569610164811195,-112.0645451627552
6927,118 8th Vis,active,272303,2,3,2879,33.484465898395605,-111.89401583682417
6928,373 Wall Wl,sold,145581,5,1,2196,33.37385031279149,-111.95137168576282
6929,435 Texas Vis,active,198217,2,2,3603,33.588127950801955,-112.1628370830971
6930,712 Turk Wl,active,259494,4,3,1580,33.407548209694006,-112.35625060797067
6931,637 Walnut Dv,active,253537,5,1,1940,33.38511847346795,-112.2667150204897
6932,337 2nd Rd,active,102280,5,1,3246,33.424746829098154,-112.3252814891208
6933,542 Geary Blvd,sold,128902,3,1,3058,33.55286915243904,-112.12061748421091
6934,735 9th Way,sold,113576,4,2,3424,33.54481134196113,-111.99833907094913
6935,565 Walnut Blvd,sold,160529,2,2,3132,33.55363538774483,-111.93507319694983
6936,520 Euclid Ave,pending,147761,2,2,2326,33.50945285436544,-111.90198252604701
6937,137 6th Wl,pending,276546,5,1,2187,33.46477393216822,-111.87310720106676
6938,153 3rd Blvd,pending,165266,5,1,1950,33.40607724742592,-112.11248438097765
6939,561 Page Vis,active,106314,3,2,3578,33.45042190104052,-112.26378137959905
6940,418 3rd Rd,active,195568,3,2,1429,33.57062268172044,-112.16193372557422
6941,765 3rd St,pending,195111,5,3,2843,33.43062606341564,-112.21745025747933
6942,38 Indiana Cir,sold,178861,3,2,2239,33.51467474678305,-112.18842695123173
6943,379 8th Vis,sold,228720,5,3,1268,33.56447390202921,-111.9175042545559
6944,265 Geary Pl,pending,225611,2,3,1273,33.59260312488911,-112.19258722165726
6945,329 Turk Vis,pending,241236,3,1,2898,33.43202662503098,-112.30519873312005
6946,685 5th Cir,pending,188869,3,3,1875,33.46105310151427,-112.12782879721563
6947,634 Mission Way,sold,110010,4,1,2561,33.37047554183412,-112.19321419240127
6948,367 2nd Blvd,pending,106591,3,2,2240,33.3648970939739,-112.25895367374328
6949,297 Sutter Dv,active,294234,5,2,3421,33.47458002002126,-112.16691359508901
6950,751 9th Ave,active,217368,3,3,3887,33.52725786733346,-112.22787118383232
6951,466 3rd Vis,pending,171434,4,1,1754,33.43402586925134,-112.23973122462455
6952,603 2nd Wl,active,259683,5,2,1092,33.442149554771134,-111.91117627013791
6953,755 Sutter Trl,sold,157431,3,1,1323,33.531199912691235,-112.02433989467993
6954,465 9th St,sold,168281,5,2,3844,33.39809625863685,-112.02302092910824
6955,605 7th Trl,active,219137,4,3,2462,33.39536839716207,-111.92317598298932
6956,415 Walnut St,active,195948,3,1,1169,33.382395160971306,-112.21994771225208
6957,583 Texas Wl,active,105313,2,2,2315,33.54391772267438,-111.99692085129664
6958,546 Blake Cir,active,183431,2,1,3407,33.54592282216367,-111.97450821904987
6959,453 Bush Rd,active,174590,2,1,1170,33.57085631252247,-111.96759480404056
6960,496 8th Dv,pending,205778,3,2,3369,33.413720545284754,-112.03195577046822
6961,436 1st Vis,active,163240,2,2,1988,33.51918693091201,-111.92350295608982
6962,743 3rd Ave,sold,260893,4,3,1208,33.53582170569567,-112.29385692089659
6963,48 Bush Vis,pending,129684,5,2,2580,33.57522090312701,-111.97445992341571
6964,419 5th Ave,pending,255078,4,3,1519,33.45027576835409,-112.20449253829256
6965,422 6th Blvd,active,268743,4,1,3756,33.57413565205753,-112.07933864316604
6966,114 Pine St,sold,263470,5,1,1957,33.49611063286447,-112.09186868499523
6967,556 6th Ave,sold,216347,4,2,1108,33.45488364774334,-112.34614933580166
6968,301 4th Pl,sold,228717,4,2,2109,33.509581772349186,-112.16697136154603
6969,133 8th Wl,active,240837,5,2,3433,33.54196941078858,-112.35233083071897
6970,177 Page Cir,sold,133395,5,3,1667,33.375612069754084,-112.28948705967231
6971,421 Walnut St,pending,285684,3,1,1701,33.48028464122972,-111.90885775328452
6972,581 4th Wl,sold,227668,3,2,3947,33.391094588406894,-112.28810654167435
6973,567 Wall Trl,pending,116059,3,3,3436,33.566300954172654,-112.00869875080997
6974,424 2nd Trl,sold,166846,2,1,1902,33.46125177129563,-112.13954357288426
6975,69 Franklin Blvd,sold,238685,2,2,1917,33.52595194677296,-112.0729691908305
6976,609 8th Vis,active,280842,5,1,2560,33.58705075957555,-112.28472065070821
6977,297 1st Vis,active,178271,2,3,2330,33.50227823975565,-112.11387188403783
6978,625 2nd Cir,pending,274071,3,1,1763,33.386365586636735,-112.13403852587797
6979,105 5th Wl,sold,262527,5,3,3357,33.44893672840265,-111.97354166113954
6980,276 Pine Dv,active,128394,3,1,1076,33.579000458460776,-112.28748197028821
6981,10 Post Wl,sold,121719,4,3,1237,33.46824006337546,-112.08092534935898
6982,138 Pine Cir,pending,298897,2,1,2440,33.54400348715236,-112.33284276853426
6983,691 Walnut Trl,pending,132274,3,2,1070,33.59294077983022,-111.92051776494402
6984,121 1st Dv,pending,192964,2,3,1862,33.544613804502156,-111.91133381173125
6985,287 Euclid Ave,pending,268623,4,3,1505,33.5316994550885,-112.14905248436227
6986,59 Pine Dv,sold,274866,5,3,1501,33.45722481583883,-112.33791357475768
6987,575 Geary Dv,pending,247234,5,2,2569,33.50558712960719,-112.24446679591385
6988,659 5th Rd,sold,100822,5,2,1012,33.40247086074981,-112.07070881909794
6989,621 4th Rd,sold,298730,5,3,3064,33.49550762726976,-112.24973272893713
6990,134 California St,sold,111691,2,3,3480,33.384096784341004,-112.34757976620307
6991,750 2nd Trl,pending,145281,2,3,2963,33.452972318045404,-112.34063388164651
6992,643 Sutter Vis,active,194955,2,2,2764,33.59415408490938,-112.12387976740693
6993,351 2nd Pl,active,247018,2,3,3192,33.51354451282235,-112.30823694251404
6994,254 Indiana Ave,active,161832,5,2,3274,33.48824465973832,-111.97188042205956
6995,355 Indiana Vis,active,125563,3,3,3985,33.499194629026526,-112.29588459739028
6996,16 7th Blvd,sold,142484,5,3,3478,33.49790590474634,-112.32662849647001
6997,732 3rd Vis,sold,180140,2,1,1993,33.57149122306744,-112.16833066916749
6998,731 California Rd,pending,276288,3,2,1020,33.51911393751938,-112.3459764545559
6999,236 4th Cir,pending,197631,5,2,1287,33.56250588719903,-112.04823433359049
